{
 "cells": [
  {
   "cell_type": "markdown",
   "metadata": {
    "id": "j1VOmvUdQU_o"
   },
   "source": [
    "# **Implementation**\n",
    "## **The goal of the notebook**\n",
    "---\n",
    "---\n",
    "The goal of this example is to provide an example for how ML methods can directly enhance DFT simulations. We do that by running a mock optimization of PtC3N4-OH using TBLite as the calculator and GPmin as the optimizer. We also demonstrate a simple lattice calculator written with GP method.\n",
    "\n",
    "**Workflow**\n",
    "\n",
    "1.   PtC3N4-OH creation and mock relaxation\n",
    "2.   Lattice optimisation with GP method\n",
    "---\n",
    "---\n",
    "\n"
   ]
  },
  {
   "cell_type": "markdown",
   "metadata": {
    "id": "-wq5JgmgEUBt"
   },
   "source": [
    "---\n",
    "---\n",
    "## **Installation of packages**\n",
    "\n",
    "---\n",
    "\n",
    "Firstly we import the neccessary functions. We need ASE, TBLite and scikit-optimize. We also need general imports such as numpy and os.\n",
    "\n",
    "---\n",
    "---"
   ]
  },
  {
   "cell_type": "code",
   "execution_count": null,
   "metadata": {
    "id": "sYZsm5f9fTHn"
   },
   "outputs": [],
   "source": [
    "##########################\n",
    "##-Imports for building-##\n",
    "##########################\n",
    "\n",
    "##-Imports for ASE\n",
    "from ase import Atoms\n",
    "from ase.build import make_supercell\n",
    "from ase.constraints import FixAtoms\n",
    "from ase.data.pubchem import pubchem_atoms_search\n",
    "from ase.optimize import GPMin\n",
    "from ase.io import read, write\n",
    "from ase.visualize import view\n",
    "\n",
    "##-Imports for scikit-optimize\n",
    "from skopt import gp_minimize\n",
    "from skopt.plots import plot_convergence, plot_gaussian_process\n",
    "from skopt.space import Real\n",
    "from skopt.utils import use_named_args\n",
    "from operator import itemgetter\n",
    "\n",
    "##-Import for TBLite\n",
    "from tblite.ase import TBLite\n",
    "\n",
    "##-General imports\n",
    "from numpy import diag\n",
    "import numpy as np\n",
    "import os"
   ]
  },
  {
   "cell_type": "markdown",
   "metadata": {
    "id": "jKoSdx64Egf6"
   },
   "source": [
    "---\n",
    "---\n",
    "## **PtC3N4-OH**\n",
    "\n",
    "---\n",
    "### **1.   PtC3N4-OH creation and mock relaxation**\n",
    "2.   Lattice optimisation with GP method\n",
    "---\n",
    "---\n",
    "\n",
    "We first load a template structure, which we modify to make the final structure. The modifications with the explanations can be seen in the code. Next we run a optimise the structure. Since this would take a fairly long amount of time, we \"cheat\" by importing a nearly optimised structure.\n",
    "\n",
    "---\n",
    "---"
   ]
  },
  {
   "cell_type": "code",
   "execution_count": null,
   "metadata": {
    "colab": {
     "base_uri": "https://localhost:8080/",
     "height": 317
    },
    "executionInfo": {
     "elapsed": 780,
     "status": "ok",
     "timestamp": 1772818074274,
     "user": {
      "displayName": "Vladislav Ivanistsev",
      "userId": "04358592966897544913"
     },
     "user_tz": -120
    },
    "id": "cacM5l92easj",
    "outputId": "fcc5ff11-1694-4bb3-ed58-d015c64e9658"
   },
   "outputs": [
    {
     "data": {
      "text/html": [
       "<html>\n",
       "    <head>\n",
       "        <title>ASE atomic visualization</title>\n",
       "        <link rel=\"stylesheet\" type=\"text/css\"             href=\"https://www.x3dom.org/release/x3dom.css\"></link>\n",
       "        <script type=\"text/javascript\"             src=\"https://www.x3dom.org/release/x3dom.js\"></script>\n",
       "    </head>\n",
       "    <body>\n",
       "        <X3D width=\"400px\"; height=\"300px\";>\n",
       "\n",
       "<!--Inserting Generated X3D Scene-->\n",
       "<scene>\n",
       "  <viewpoint position=\"0 0 30.0\">\n",
       "    <group/>\n",
       "  </viewpoint>\n",
       "  <transform translation=\"-3.5315064813051094 -3.0583743264396195 -7.5\">\n",
       "    <group>\n",
       "      <group>\n",
       "        <transform translation=\"0 0 0\">\n",
       "          <shape>\n",
       "            <appearance>\n",
       "              <material diffuseColor=\"0 0 0\"/>\n",
       "            </appearance>\n",
       "            <lineset vertexCount=\"5\">\n",
       "              <coordinate point=\"0 0 0 7.063012962610219 0.0 0.0 10.594519443915328 6.116748652879239 0.0 3.5315064813051094 6.116748652879239 0.0 0 0 0\"/>\n",
       "            </lineset>\n",
       "          </shape>\n",
       "        </transform>\n",
       "        <transform translation=\"0.0 0.0 15.0\">\n",
       "          <shape>\n",
       "            <appearance>\n",
       "              <material diffuseColor=\"0 0 0\"/>\n",
       "            </appearance>\n",
       "            <lineset vertexCount=\"5\">\n",
       "              <coordinate point=\"0 0 0 7.063012962610219 0.0 0.0 10.594519443915328 6.116748652879239 0.0 3.5315064813051094 6.116748652879239 0.0 0 0 0\"/>\n",
       "            </lineset>\n",
       "          </shape>\n",
       "        </transform>\n",
       "        <transform translation=\"0 0 0\">\n",
       "          <shape>\n",
       "            <appearance>\n",
       "              <material diffuseColor=\"0 0 0\"/>\n",
       "            </appearance>\n",
       "            <lineset vertexCount=\"5\">\n",
       "              <coordinate point=\"0 0 0 7.063012962610219 0.0 0.0 7.063012962610219 0.0 15.0 0.0 0.0 15.0 0 0 0\"/>\n",
       "            </lineset>\n",
       "          </shape>\n",
       "        </transform>\n",
       "        <transform translation=\"3.5315064813051094 6.116748652879239 0.0\">\n",
       "          <shape>\n",
       "            <appearance>\n",
       "              <material diffuseColor=\"0 0 0\"/>\n",
       "            </appearance>\n",
       "            <lineset vertexCount=\"5\">\n",
       "              <coordinate point=\"0 0 0 7.063012962610219 0.0 0.0 7.063012962610219 0.0 15.0 0.0 0.0 15.0 0 0 0\"/>\n",
       "            </lineset>\n",
       "          </shape>\n",
       "        </transform>\n",
       "      </group>\n",
       "      <group>\n",
       "        <transform translation=\"1.773566059034406 0.9932925326879718 4.0003\">\n",
       "          <shape>\n",
       "            <appearance>\n",
       "              <material diffuseColor=\"0.188 0.314 0.973\"/>\n",
       "            </appearance>\n",
       "            <sphere radius=\"0.71\"/>\n",
       "          </shape>\n",
       "        </transform>\n",
       "        <transform translation=\"2.9853923569851224 -0.9591342325442249 4.0002\">\n",
       "          <shape>\n",
       "            <appearance>\n",
       "              <material diffuseColor=\"0.188 0.314 0.973\"/>\n",
       "            </appearance>\n",
       "            <sphere radius=\"0.71\"/>\n",
       "          </shape>\n",
       "        </transform>\n",
       "        <transform translation=\"4.212797468197759 1.0750394136740855 4.0002\">\n",
       "          <shape>\n",
       "            <appearance>\n",
       "              <material diffuseColor=\"0.188 0.314 0.973\"/>\n",
       "            </appearance>\n",
       "            <sphere radius=\"0.71\"/>\n",
       "          </shape>\n",
       "        </transform>\n",
       "        <transform translation=\"0.5958544499989853 -1.0588089087479042 4.0003\">\n",
       "          <shape>\n",
       "            <appearance>\n",
       "              <material diffuseColor=\"0.188 0.314 0.973\"/>\n",
       "            </appearance>\n",
       "            <sphere radius=\"0.71\"/>\n",
       "          </shape>\n",
       "        </transform>\n",
       "        <transform translation=\"-0.6198054003104851 0.9985095810211342 4.0001\">\n",
       "          <shape>\n",
       "            <appearance>\n",
       "              <material diffuseColor=\"0.188 0.314 0.973\"/>\n",
       "            </appearance>\n",
       "            <sphere radius=\"0.71\"/>\n",
       "          </shape>\n",
       "        </transform>\n",
       "        <transform translation=\"2.995110971458895 3.0196317631550325 4.0002\">\n",
       "          <shape>\n",
       "            <appearance>\n",
       "              <material diffuseColor=\"0.188 0.314 0.973\"/>\n",
       "            </appearance>\n",
       "            <sphere radius=\"0.71\"/>\n",
       "          </shape>\n",
       "        </transform>\n",
       "        <transform translation=\"0.519846999227521 2.992170740352696 4.0001\">\n",
       "          <shape>\n",
       "            <appearance>\n",
       "              <material diffuseColor=\"0.188 0.314 0.973\"/>\n",
       "            </appearance>\n",
       "            <sphere radius=\"0.71\"/>\n",
       "          </shape>\n",
       "        </transform>\n",
       "        <transform translation=\"-1.765753240652555 -1.0194581088132062 4.0\">\n",
       "          <shape>\n",
       "            <appearance>\n",
       "              <material diffuseColor=\"0.188 0.314 0.973\"/>\n",
       "            </appearance>\n",
       "            <sphere radius=\"0.71\"/>\n",
       "          </shape>\n",
       "        </transform>\n",
       "        <transform translation=\"1.7201158343163807 -0.39958364396147905 4.0004\">\n",
       "          <shape>\n",
       "            <appearance>\n",
       "              <material diffuseColor=\"0.565 0.565 0.565\"/>\n",
       "            </appearance>\n",
       "            <sphere radius=\"0.76\"/>\n",
       "          </shape>\n",
       "        </transform>\n",
       "        <transform translation=\"2.9797473354886206 1.7130677047599718 4.0003\">\n",
       "          <shape>\n",
       "            <appearance>\n",
       "              <material diffuseColor=\"0.565 0.565 0.565\"/>\n",
       "            </appearance>\n",
       "            <sphere radius=\"0.76\"/>\n",
       "          </shape>\n",
       "        </transform>\n",
       "        <transform translation=\"0.5723192461282518 1.6889162129079658 4.0003\">\n",
       "          <shape>\n",
       "            <appearance>\n",
       "              <material diffuseColor=\"0.565 0.565 0.565\"/>\n",
       "            </appearance>\n",
       "            <sphere radius=\"0.76\"/>\n",
       "          </shape>\n",
       "        </transform>\n",
       "        <transform translation=\"4.171974565626965 -0.23724091484787202 4.0002\">\n",
       "          <shape>\n",
       "            <appearance>\n",
       "              <material diffuseColor=\"0.565 0.565 0.565\"/>\n",
       "            </appearance>\n",
       "            <sphere radius=\"0.76\"/>\n",
       "          </shape>\n",
       "        </transform>\n",
       "        <transform translation=\"-0.5841175442411797 -0.31686328890175464 4.0003\">\n",
       "          <shape>\n",
       "            <appearance>\n",
       "              <material diffuseColor=\"0.565 0.565 0.565\"/>\n",
       "            </appearance>\n",
       "            <sphere radius=\"0.76\"/>\n",
       "          </shape>\n",
       "        </transform>\n",
       "        <transform translation=\"1.750556544415557 3.6318811634216455 4.0003\">\n",
       "          <shape>\n",
       "            <appearance>\n",
       "              <material diffuseColor=\"0.565 0.565 0.565\"/>\n",
       "            </appearance>\n",
       "            <sphere radius=\"0.76\"/>\n",
       "          </shape>\n",
       "        </transform>\n",
       "        <transform translation=\"5.297259721957664 3.0583743264396195 4.0\">\n",
       "          <shape>\n",
       "            <appearance>\n",
       "              <material diffuseColor=\"0.816 0.816 0.878\"/>\n",
       "            </appearance>\n",
       "            <sphere radius=\"1.36\"/>\n",
       "          </shape>\n",
       "        </transform>\n",
       "      </group>\n",
       "    </group>\n",
       "  </transform>\n",
       "</scene>\n",
       "<!--End of Inserted Scene-->\n",
       "\n",
       "        </X3D>\n",
       "    </body>\n",
       "</html>\n",
       "\n"
      ],
      "text/plain": [
       "<IPython.core.display.HTML object>"
      ]
     },
     "execution_count": 22,
     "metadata": {},
     "output_type": "execute_result"
    }
   ],
   "source": [
    "#########################################\n",
    "##-Building initial catalyst structure-##\n",
    "#########################################\n",
    "\n",
    "##-Load template structure\n",
    "PtC3N4 = pubchem_atoms_search(smiles=\"C1(=NC2=NC(=N)N=C3N2C(=NC(=N3)N)N1)N\")\n",
    "\n",
    "##-Rotate so the 7th and 8th atoms' vector lies along +x (rotate about atom 8 to avoid drift)\n",
    "v = PtC3N4[7].position[:2] - PtC3N4[8].position[:2]\n",
    "angle_deg = np.degrees(np.arctan2(v[1], v[0]))\n",
    "PtC3N4.rotate(-angle_deg, 'z', center=PtC3N4[8].position)\n",
    "\n",
    "##-Translate so the 8th atom is at the origin\n",
    "PtC3N4.translate(-PtC3N4[8].position)\n",
    "\n",
    "##-Set the unit cell\n",
    "a_PtC3N4 = PtC3N4.get_distance(7, 8)\n",
    "PtC3N4.set_cell([[a_PtC3N4, 0, 0], [a_PtC3N4/2, a_PtC3N4*(3**0.5)/2, 0], [0, 0, 15]], scale_atoms=False)\n",
    "PtC3N4.set_pbc([True, True, False])\n",
    "\n",
    "##-Delete atoms\n",
    "del PtC3N4[9]\n",
    "del PtC3N4[7]\n",
    "del PtC3N4[[atom.index for atom in PtC3N4 if atom.symbol == 'H']]\n",
    "\n",
    "##-Center at Pt\n",
    "PtC3N4 += Atoms('Pt', positions=[[a_PtC3N4, a_PtC3N4*(3**0.5)/3, 0]])\n",
    "\n",
    "##-Move the molecule so that Pt is at [a_PtC3N4/2,(a_PtC3N4/2+a_PtC3N4*(3**0.5)/2)/2,4]\n",
    "shift = PtC3N4.cell[:2,:2].sum(axis=0) / 2 - PtC3N4[-1].position[:2]\n",
    "PtC3N4.translate([shift[0], shift[1], 4])\n",
    "\n",
    "write('PtC3N4.xyz',PtC3N4)\n",
    "\n",
    "view(PtC3N4, viewer='x3d')"
   ]
  },
  {
   "cell_type": "code",
   "execution_count": null,
   "metadata": {
    "colab": {
     "base_uri": "https://localhost:8080/",
     "height": 317
    },
    "executionInfo": {
     "elapsed": 38,
     "status": "ok",
     "timestamp": 1772818106545,
     "user": {
      "displayName": "Vladislav Ivanistsev",
      "userId": "04358592966897544913"
     },
     "user_tz": -120
    },
    "id": "E74Jz6WxhTK6",
    "outputId": "742bd6a6-7002-44d1-8119-c5e51283a51e"
   },
   "outputs": [
    {
     "data": {
      "text/html": [
       "<html>\n",
       "    <head>\n",
       "        <title>ASE atomic visualization</title>\n",
       "        <link rel=\"stylesheet\" type=\"text/css\"             href=\"https://www.x3dom.org/release/x3dom.css\"></link>\n",
       "        <script type=\"text/javascript\"             src=\"https://www.x3dom.org/release/x3dom.js\"></script>\n",
       "    </head>\n",
       "    <body>\n",
       "        <X3D width=\"400px\"; height=\"300px\";>\n",
       "\n",
       "<!--Inserting Generated X3D Scene-->\n",
       "<scene>\n",
       "  <viewpoint position=\"0 0 30.0\">\n",
       "    <group/>\n",
       "  </viewpoint>\n",
       "  <transform translation=\"-3.5315064813051094 -3.0583743264396195 -7.5\">\n",
       "    <group>\n",
       "      <group>\n",
       "        <transform translation=\"0 0 0\">\n",
       "          <shape>\n",
       "            <appearance>\n",
       "              <material diffuseColor=\"0 0 0\"/>\n",
       "            </appearance>\n",
       "            <lineset vertexCount=\"5\">\n",
       "              <coordinate point=\"0 0 0 7.063012962610219 0.0 0.0 10.594519443915328 6.116748652879239 0.0 3.5315064813051094 6.116748652879239 0.0 0 0 0\"/>\n",
       "            </lineset>\n",
       "          </shape>\n",
       "        </transform>\n",
       "        <transform translation=\"0.0 0.0 15.0\">\n",
       "          <shape>\n",
       "            <appearance>\n",
       "              <material diffuseColor=\"0 0 0\"/>\n",
       "            </appearance>\n",
       "            <lineset vertexCount=\"5\">\n",
       "              <coordinate point=\"0 0 0 7.063012962610219 0.0 0.0 10.594519443915328 6.116748652879239 0.0 3.5315064813051094 6.116748652879239 0.0 0 0 0\"/>\n",
       "            </lineset>\n",
       "          </shape>\n",
       "        </transform>\n",
       "        <transform translation=\"0 0 0\">\n",
       "          <shape>\n",
       "            <appearance>\n",
       "              <material diffuseColor=\"0 0 0\"/>\n",
       "            </appearance>\n",
       "            <lineset vertexCount=\"5\">\n",
       "              <coordinate point=\"0 0 0 7.063012962610219 0.0 0.0 7.063012962610219 0.0 15.0 0.0 0.0 15.0 0 0 0\"/>\n",
       "            </lineset>\n",
       "          </shape>\n",
       "        </transform>\n",
       "        <transform translation=\"3.5315064813051094 6.116748652879239 0.0\">\n",
       "          <shape>\n",
       "            <appearance>\n",
       "              <material diffuseColor=\"0 0 0\"/>\n",
       "            </appearance>\n",
       "            <lineset vertexCount=\"5\">\n",
       "              <coordinate point=\"0 0 0 7.063012962610219 0.0 0.0 7.063012962610219 0.0 15.0 0.0 0.0 15.0 0 0 0\"/>\n",
       "            </lineset>\n",
       "          </shape>\n",
       "        </transform>\n",
       "      </group>\n",
       "      <group>\n",
       "        <transform translation=\"1.773566059034406 0.9932925326879718 4.0003\">\n",
       "          <shape>\n",
       "            <appearance>\n",
       "              <material diffuseColor=\"0.188 0.314 0.973\"/>\n",
       "            </appearance>\n",
       "            <sphere radius=\"0.71\"/>\n",
       "          </shape>\n",
       "        </transform>\n",
       "        <transform translation=\"2.9853923569851224 -0.9591342325442249 4.0002\">\n",
       "          <shape>\n",
       "            <appearance>\n",
       "              <material diffuseColor=\"0.188 0.314 0.973\"/>\n",
       "            </appearance>\n",
       "            <sphere radius=\"0.71\"/>\n",
       "          </shape>\n",
       "        </transform>\n",
       "        <transform translation=\"4.212797468197759 1.0750394136740855 4.0002\">\n",
       "          <shape>\n",
       "            <appearance>\n",
       "              <material diffuseColor=\"0.188 0.314 0.973\"/>\n",
       "            </appearance>\n",
       "            <sphere radius=\"0.71\"/>\n",
       "          </shape>\n",
       "        </transform>\n",
       "        <transform translation=\"0.5958544499989853 -1.0588089087479042 4.0003\">\n",
       "          <shape>\n",
       "            <appearance>\n",
       "              <material diffuseColor=\"0.188 0.314 0.973\"/>\n",
       "            </appearance>\n",
       "            <sphere radius=\"0.71\"/>\n",
       "          </shape>\n",
       "        </transform>\n",
       "        <transform translation=\"-0.6198054003104851 0.9985095810211342 4.0001\">\n",
       "          <shape>\n",
       "            <appearance>\n",
       "              <material diffuseColor=\"0.188 0.314 0.973\"/>\n",
       "            </appearance>\n",
       "            <sphere radius=\"0.71\"/>\n",
       "          </shape>\n",
       "        </transform>\n",
       "        <transform translation=\"2.995110971458895 3.0196317631550325 4.0002\">\n",
       "          <shape>\n",
       "            <appearance>\n",
       "              <material diffuseColor=\"0.188 0.314 0.973\"/>\n",
       "            </appearance>\n",
       "            <sphere radius=\"0.71\"/>\n",
       "          </shape>\n",
       "        </transform>\n",
       "        <transform translation=\"0.519846999227521 2.992170740352696 4.0001\">\n",
       "          <shape>\n",
       "            <appearance>\n",
       "              <material diffuseColor=\"0.188 0.314 0.973\"/>\n",
       "            </appearance>\n",
       "            <sphere radius=\"0.71\"/>\n",
       "          </shape>\n",
       "        </transform>\n",
       "        <transform translation=\"-1.765753240652555 -1.0194581088132062 4.0\">\n",
       "          <shape>\n",
       "            <appearance>\n",
       "              <material diffuseColor=\"0.188 0.314 0.973\"/>\n",
       "            </appearance>\n",
       "            <sphere radius=\"0.71\"/>\n",
       "          </shape>\n",
       "        </transform>\n",
       "        <transform translation=\"1.7201158343163807 -0.39958364396147905 4.0004\">\n",
       "          <shape>\n",
       "            <appearance>\n",
       "              <material diffuseColor=\"0.565 0.565 0.565\"/>\n",
       "            </appearance>\n",
       "            <sphere radius=\"0.76\"/>\n",
       "          </shape>\n",
       "        </transform>\n",
       "        <transform translation=\"2.9797473354886206 1.7130677047599718 4.0003\">\n",
       "          <shape>\n",
       "            <appearance>\n",
       "              <material diffuseColor=\"0.565 0.565 0.565\"/>\n",
       "            </appearance>\n",
       "            <sphere radius=\"0.76\"/>\n",
       "          </shape>\n",
       "        </transform>\n",
       "        <transform translation=\"0.5723192461282518 1.6889162129079658 4.0003\">\n",
       "          <shape>\n",
       "            <appearance>\n",
       "              <material diffuseColor=\"0.565 0.565 0.565\"/>\n",
       "            </appearance>\n",
       "            <sphere radius=\"0.76\"/>\n",
       "          </shape>\n",
       "        </transform>\n",
       "        <transform translation=\"4.171974565626965 -0.23724091484787202 4.0002\">\n",
       "          <shape>\n",
       "            <appearance>\n",
       "              <material diffuseColor=\"0.565 0.565 0.565\"/>\n",
       "            </appearance>\n",
       "            <sphere radius=\"0.76\"/>\n",
       "          </shape>\n",
       "        </transform>\n",
       "        <transform translation=\"-0.5841175442411797 -0.31686328890175464 4.0003\">\n",
       "          <shape>\n",
       "            <appearance>\n",
       "              <material diffuseColor=\"0.565 0.565 0.565\"/>\n",
       "            </appearance>\n",
       "            <sphere radius=\"0.76\"/>\n",
       "          </shape>\n",
       "        </transform>\n",
       "        <transform translation=\"1.750556544415557 3.6318811634216455 4.0003\">\n",
       "          <shape>\n",
       "            <appearance>\n",
       "              <material diffuseColor=\"0.565 0.565 0.565\"/>\n",
       "            </appearance>\n",
       "            <sphere radius=\"0.76\"/>\n",
       "          </shape>\n",
       "        </transform>\n",
       "        <transform translation=\"5.297259721957664 3.0583743264396195 4.0\">\n",
       "          <shape>\n",
       "            <appearance>\n",
       "              <material diffuseColor=\"0.816 0.816 0.878\"/>\n",
       "            </appearance>\n",
       "            <sphere radius=\"1.36\"/>\n",
       "          </shape>\n",
       "        </transform>\n",
       "        <transform translation=\"5.297259721957664 3.0583743264396195 6.2\">\n",
       "          <shape>\n",
       "            <appearance>\n",
       "              <material diffuseColor=\"1.0 0.051 0.051\"/>\n",
       "            </appearance>\n",
       "            <sphere radius=\"0.66\"/>\n",
       "          </shape>\n",
       "        </transform>\n",
       "        <transform translation=\"5.297259721957664 3.758374326439619 6.9\">\n",
       "          <shape>\n",
       "            <appearance>\n",
       "              <material diffuseColor=\"1.0 1.0 1.0\"/>\n",
       "            </appearance>\n",
       "            <sphere radius=\"0.31\"/>\n",
       "          </shape>\n",
       "        </transform>\n",
       "      </group>\n",
       "    </group>\n",
       "  </transform>\n",
       "</scene>\n",
       "<!--End of Inserted Scene-->\n",
       "\n",
       "        </X3D>\n",
       "    </body>\n",
       "</html>\n",
       "\n"
      ],
      "text/plain": [
       "<IPython.core.display.HTML object>"
      ]
     },
     "execution_count": 23,
     "metadata": {},
     "output_type": "execute_result"
    }
   ],
   "source": [
    "######################################\n",
    "##-Adding adsorbate to the catalyst-##\n",
    "######################################\n",
    "\n",
    "PtC3N4_OH = PtC3N4 + Atoms('O', positions=[PtC3N4[-1].position + np.array([0,0,2.2])])\n",
    "PtC3N4_OH += Atoms('H', positions=[PtC3N4_OH[-1].position + np.array([0,0.7,0.7])])\n",
    "\n",
    "view(PtC3N4_OH, viewer='x3d')"
   ]
  },
  {
   "cell_type": "code",
   "execution_count": null,
   "metadata": {
    "id": "Q7pzaXylqMXc"
   },
   "outputs": [],
   "source": [
    "###############################################\n",
    "##-Downloading an almost optimized structure-##\n",
    "###############################################\n",
    "\n",
    "##-Getting a structure that is almost relaxed since running it from the start is going to take to long for the example.\n",
    "!wget https://raw.githubusercontent.com/doublelayer/test_models/refs/heads/main/PtC3N4/PtC3N4_OH_lat7_near_relaxed.xyz\n",
    "\n",
    "view(PtC3N4_OH, viewer='x3d')"
   ]
  },
  {
   "cell_type": "code",
   "execution_count": null,
   "metadata": {
    "colab": {
     "base_uri": "https://localhost:8080/"
    },
    "executionInfo": {
     "elapsed": 46625,
     "status": "ok",
     "timestamp": 1772818224673,
     "user": {
      "displayName": "Vladislav Ivanistsev",
      "userId": "04358592966897544913"
     },
     "user_tz": -120
    },
    "id": "ibh0Z84Kkz9b",
    "outputId": "9647bae0-7ed3-42bc-e5a0-824517fac75a"
   },
   "outputs": [
    {
     "name": "stdout",
     "output_type": "stream",
     "text": [
      "\u001b[1;30;43mStreaming output truncated to the last 5000 lines.\u001b[0m\n",
      "         3.18665257e-02,  1.12813472e+00,  9.67101930e-03,\n",
      "         6.10684137e-03,  1.54319026e-02,  9.27795025e-03,\n",
      "         0.00000000e+00,  2.93464759e-02,  3.80914827e-02,\n",
      "         8.35505655e-03,  1.30800345e-04],\n",
      "       [ 9.82621261e-03,  4.62424193e-03,  2.16721914e-02,\n",
      "         2.56032721e-03,  1.94910497e-02,  1.22810658e+00,\n",
      "         1.18191429e+00,  1.02989092e+00,  2.07916257e-02,\n",
      "         1.57002597e-02,  1.07240859e-02,  2.15319441e-02,\n",
      "         2.93464759e-02,  0.00000000e+00,  1.00790130e-01,\n",
      "         2.04689618e-02,  9.20059419e-06],\n",
      "       [ 2.25701822e-02,  1.61417937e-01,  2.54937948e-01,\n",
      "         1.90354974e-01,  2.00067537e-01,  1.96250884e-01,\n",
      "         2.36446209e-01,  7.35094186e-03,  4.19170480e-02,\n",
      "         5.10091154e-02,  4.91660902e-02,  3.08294603e-02,\n",
      "         3.80914827e-02,  1.00790130e-01,  0.00000000e+00,\n",
      "         5.14827749e-01, -5.31970708e-04],\n",
      "       [ 9.34064335e-04,  8.77434506e-03,  1.67558396e-02,\n",
      "         7.07409352e-03,  1.70597939e-02,  5.48880832e-03,\n",
      "         9.44693577e-03,  6.04769368e-04,  1.04002408e-02,\n",
      "         9.47520180e-03,  5.64452917e-03,  4.15491613e-03,\n",
      "         8.35505655e-03,  2.04689618e-02,  5.14827749e-01,\n",
      "         0.00000000e+00,  9.43960762e-01],\n",
      "       [-1.21502040e-04,  5.28671181e-04,  1.12973497e-04,\n",
      "        -1.40037718e-04,  1.02114597e-04, -1.74051486e-04,\n",
      "        -1.69419928e-04,  5.74495518e-05,  5.39518488e-04,\n",
      "         6.53366261e-05,  5.14259282e-05,  1.13663754e-04,\n",
      "         1.30800345e-04,  9.20059419e-06, -5.31970708e-04,\n",
      "         9.43960762e-01,  0.00000000e+00]]), 'molecular-dipole': array([ -2.37594488,  -0.89070101, -10.02524741])}\n",
      "{'bond-orders': array([[ 0.00000000e+00,  3.12580241e-02,  2.54463592e-02,\n",
      "         4.15199333e-02,  2.41508135e-02,  3.68748951e-02,\n",
      "         4.41196520e-02,  4.36831087e-02,  1.05527991e+00,\n",
      "         1.03525848e+00,  1.06247580e+00,  1.30941525e-02,\n",
      "         1.80397027e-02,  9.82621261e-03,  2.25701822e-02,\n",
      "         9.34064335e-04, -1.21502040e-04],\n",
      "       [ 3.12580241e-02,  0.00000000e+00,  8.35556786e-02,\n",
      "         3.65083629e-02,  2.68585676e-02,  5.01560271e-02,\n",
      "         9.57191526e-03,  1.65428742e-02,  1.24883335e+00,\n",
      "         1.99688551e-02,  6.73456223e-03,  1.28462385e+00,\n",
      "         4.20415847e-02,  4.62424193e-03,  1.61417937e-01,\n",
      "         8.77434506e-03,  5.28671181e-04],\n",
      "       [ 2.54463592e-02,  8.35556786e-02,  0.00000000e+00,\n",
      "         3.10558724e-02,  8.78470934e-03,  3.83650500e-02,\n",
      "         1.36465411e-02,  2.86776739e-02,  7.98770050e-03,\n",
      "         1.18002645e+00,  8.40825931e-03,  1.34930328e+00,\n",
      "         4.46172311e-03,  2.16721914e-02,  2.54937948e-01,\n",
      "         1.67558396e-02,  1.12973497e-04],\n",
      "       [ 4.15199333e-02,  3.65083629e-02,  3.10558724e-02,\n",
      "         0.00000000e+00,  6.69434015e-02,  9.90527481e-03,\n",
      "         4.57028304e-02,  1.67832269e-02,  1.37687174e+00,\n",
      "         6.24952875e-03,  2.17405417e-02,  3.68350845e-02,\n",
      "         1.23138997e+00,  2.56032721e-03,  1.90354974e-01,\n",
      "         7.07409352e-03, -1.40037718e-04],\n",
      "       [ 2.41508135e-02,  2.68585676e-02,  8.78470934e-03,\n",
      "         6.69434015e-02,  0.00000000e+00,  1.75330818e-02,\n",
      "         4.54885962e-02,  3.38001886e-02,  9.28915293e-03,\n",
      "         1.25470105e-02,  1.20091833e+00,  1.50152512e-03,\n",
      "         1.33877858e+00,  1.94910497e-02,  2.00067537e-01,\n",
      "         1.70597939e-02,  1.02114597e-04],\n",
      "       [ 3.68748951e-02,  5.01560271e-02,  3.83650500e-02,\n",
      "         9.90527481e-03,  1.75330818e-02,  0.00000000e+00,\n",
      "         3.62522794e-02,  1.68019508e-02,  7.69298606e-03,\n",
      "         1.44069230e+00,  2.20036202e-02,  3.62470181e-02,\n",
      "         3.49566514e-03,  1.22810658e+00,  1.96250884e-01,\n",
      "         5.48880832e-03, -1.74051486e-04],\n",
      "       [ 4.41196520e-02,  9.57191526e-03,  1.36465411e-02,\n",
      "         4.57028304e-02,  4.54885962e-02,  3.62522794e-02,\n",
      "         0.00000000e+00,  1.37018326e-02,  9.97397523e-03,\n",
      "         1.33208845e-02,  1.44524305e+00,  2.70431539e-03,\n",
      "         3.18665257e-02,  1.18191429e+00,  2.36446209e-01,\n",
      "         9.44693577e-03, -1.69419928e-04],\n",
      "       [ 4.36831087e-02,  1.65428742e-02,  2.86776739e-02,\n",
      "         1.67832269e-02,  3.38001886e-02,  1.68019508e-02,\n",
      "         1.37018326e-02,  0.00000000e+00,  2.90782079e-02,\n",
      "         2.61882686e-02,  2.81267359e-02,  1.10664728e+00,\n",
      "         1.12813472e+00,  1.02989092e+00,  7.35094186e-03,\n",
      "         6.04769368e-04,  5.74495518e-05],\n",
      "       [ 1.05527991e+00,  1.24883335e+00,  7.98770050e-03,\n",
      "         1.37687174e+00,  9.28915293e-03,  7.69298606e-03,\n",
      "         9.97397523e-03,  2.90782079e-02,  0.00000000e+00,\n",
      "         2.60085938e-02,  1.63560924e-02,  1.25735168e-02,\n",
      "         9.67101930e-03,  2.07916257e-02,  4.19170480e-02,\n",
      "         1.04002408e-02,  5.39518488e-04],\n",
      "       [ 1.03525848e+00,  1.99688551e-02,  1.18002645e+00,\n",
      "         6.24952875e-03,  1.25470105e-02,  1.44069230e+00,\n",
      "         1.33208845e-02,  2.61882686e-02,  2.60085938e-02,\n",
      "         0.00000000e+00,  1.05632392e-02,  1.45354867e-02,\n",
      "         6.10684137e-03,  1.57002597e-02,  5.10091154e-02,\n",
      "         9.47520180e-03,  6.53366261e-05],\n",
      "       [ 1.06247580e+00,  6.73456223e-03,  8.40825931e-03,\n",
      "         2.17405417e-02,  1.20091833e+00,  2.20036202e-02,\n",
      "         1.44524305e+00,  2.81267359e-02,  1.63560924e-02,\n",
      "         1.05632392e-02,  0.00000000e+00,  1.92723334e-03,\n",
      "         1.54319026e-02,  1.07240859e-02,  4.91660902e-02,\n",
      "         5.64452917e-03,  5.14259282e-05],\n",
      "       [ 1.30941525e-02,  1.28462385e+00,  1.34930328e+00,\n",
      "         3.68350845e-02,  1.50152512e-03,  3.62470181e-02,\n",
      "         2.70431539e-03,  1.10664728e+00,  1.25735168e-02,\n",
      "         1.45354867e-02,  1.92723334e-03,  0.00000000e+00,\n",
      "         9.27795025e-03,  2.15319441e-02,  3.08294603e-02,\n",
      "         4.15491613e-03,  1.13663754e-04],\n",
      "       [ 1.80397027e-02,  4.20415847e-02,  4.46172311e-03,\n",
      "         1.23138997e+00,  1.33877858e+00,  3.49566514e-03,\n",
      "         3.18665257e-02,  1.12813472e+00,  9.67101930e-03,\n",
      "         6.10684137e-03,  1.54319026e-02,  9.27795025e-03,\n",
      "         0.00000000e+00,  2.93464759e-02,  3.80914827e-02,\n",
      "         8.35505655e-03,  1.30800345e-04],\n",
      "       [ 9.82621261e-03,  4.62424193e-03,  2.16721914e-02,\n",
      "         2.56032721e-03,  1.94910497e-02,  1.22810658e+00,\n",
      "         1.18191429e+00,  1.02989092e+00,  2.07916257e-02,\n",
      "         1.57002597e-02,  1.07240859e-02,  2.15319441e-02,\n",
      "         2.93464759e-02,  0.00000000e+00,  1.00790130e-01,\n",
      "         2.04689618e-02,  9.20059419e-06],\n",
      "       [ 2.25701822e-02,  1.61417937e-01,  2.54937948e-01,\n",
      "         1.90354974e-01,  2.00067537e-01,  1.96250884e-01,\n",
      "         2.36446209e-01,  7.35094186e-03,  4.19170480e-02,\n",
      "         5.10091154e-02,  4.91660902e-02,  3.08294603e-02,\n",
      "         3.80914827e-02,  1.00790130e-01,  0.00000000e+00,\n",
      "         5.14827749e-01, -5.31970708e-04],\n",
      "       [ 9.34064335e-04,  8.77434506e-03,  1.67558396e-02,\n",
      "         7.07409352e-03,  1.70597939e-02,  5.48880832e-03,\n",
      "         9.44693577e-03,  6.04769368e-04,  1.04002408e-02,\n",
      "         9.47520180e-03,  5.64452917e-03,  4.15491613e-03,\n",
      "         8.35505655e-03,  2.04689618e-02,  5.14827749e-01,\n",
      "         0.00000000e+00,  9.43960762e-01],\n",
      "       [-1.21502040e-04,  5.28671181e-04,  1.12973497e-04,\n",
      "        -1.40037718e-04,  1.02114597e-04, -1.74051486e-04,\n",
      "        -1.69419928e-04,  5.74495518e-05,  5.39518488e-04,\n",
      "         6.53366261e-05,  5.14259282e-05,  1.13663754e-04,\n",
      "         1.30800345e-04,  9.20059419e-06, -5.31970708e-04,\n",
      "         9.43960762e-01,  0.00000000e+00]]), 'molecular-dipole': array([ -2.37594488,  -0.89070101, -10.02524741]), 'molecular-quadrupole': array([ 116.57597697,  154.96710116,   47.83852183, -127.42550306,\n",
      "        -58.78765308, -164.41449879])}\n",
      "------------------------------------------------------------\n",
      "  cycle        total energy    energy error   density error\n",
      "------------------------------------------------------------\n",
      "      1     -47.97916333795  -4.8334218E+01   6.9143995E-02\n",
      "      2     -47.89531511290   8.3848225E-02   1.6481827E-01\n",
      "      3     -47.94524013118  -4.9925018E-02   1.1633079E-01\n",
      "      4     -48.00612490217  -6.0884771E-02   8.7198497E-03\n",
      "      5     -48.00568153833   4.4336384E-04   1.2904912E-02\n",
      "      6     -48.00647396187  -7.9242353E-04   2.7281762E-03\n",
      "      7     -48.00591947449   5.5448737E-04   1.0152903E-02\n",
      "      8     -48.00618468623  -2.6521174E-04   7.7741955E-03\n",
      "      9     -48.00644686086  -2.6217463E-04   3.0904858E-03\n",
      "     10     -48.00647042151  -2.3560645E-05   2.3098947E-03\n",
      "     11     -48.00649833328  -2.7911776E-05   3.1425106E-04\n",
      "     12     -48.00649818164   1.5164177E-07   3.6041501E-04\n",
      "     13     -48.00649872055  -5.3890478E-07   1.6717562E-04\n",
      "     14     -48.00649886141  -1.4086890E-07   3.4824421E-05\n",
      "     15     -48.00649886679  -5.3711133E-09   1.5819112E-05\n",
      "------------------------------------------------------------\n",
      "\n",
      " total:                                   0.307 sec\n",
      "3\n",
      "{'bond-orders': array([[ 0.00000000e+00,  3.18136360e-02,  2.51000898e-02,\n",
      "         4.16529615e-02,  2.38989830e-02,  3.64988274e-02,\n",
      "         4.42975319e-02,  4.27527677e-02,  1.05601232e+00,\n",
      "         1.03369715e+00,  1.06226561e+00,  1.25253623e-02,\n",
      "         1.77805959e-02,  9.59031039e-03,  2.18353210e-02,\n",
      "         4.96222425e-04, -1.68579171e-04],\n",
      "       [ 3.18136360e-02,  0.00000000e+00,  8.46713399e-02,\n",
      "         3.79775401e-02,  2.61159278e-02,  4.95860961e-02,\n",
      "         9.44782967e-03,  1.55502428e-02,  1.24834481e+00,\n",
      "         1.90780148e-02,  6.72661824e-03,  1.27643941e+00,\n",
      "         4.14425318e-02,  5.16712395e-03,  1.54756829e-01,\n",
      "         5.46488448e-03,  9.49311718e-04],\n",
      "       [ 2.51000898e-02,  8.46713399e-02,  0.00000000e+00,\n",
      "         3.21695457e-02,  8.95993806e-03,  3.74050446e-02,\n",
      "         1.28263116e-02,  3.08452318e-02,  8.17988185e-03,\n",
      "         1.17746753e+00,  8.26555822e-03,  1.36006029e+00,\n",
      "         4.56055065e-03,  2.08881668e-02,  2.23711506e-01,\n",
      "         8.35295537e-03,  1.50775091e-05],\n",
      "       [ 4.16529615e-02,  3.79775401e-02,  3.21695457e-02,\n",
      "         0.00000000e+00,  6.59437920e-02,  1.00623917e-02,\n",
      "         4.48192591e-02,  1.64258181e-02,  1.37941388e+00,\n",
      "         6.13334972e-03,  2.20162226e-02,  3.72602953e-02,\n",
      "         1.22601326e+00,  2.30375877e-03,  1.87865594e-01,\n",
      "         5.38665354e-03, -5.98821730e-05],\n",
      "       [ 2.38989830e-02,  2.61159278e-02,  8.95993806e-03,\n",
      "         6.59437920e-02,  0.00000000e+00,  1.73750196e-02,\n",
      "         4.60247000e-02,  3.63439581e-02,  9.32046814e-03,\n",
      "         1.29320126e-02,  1.20100786e+00,  1.22218950e-03,\n",
      "         1.34174081e+00,  1.85065581e-02,  1.68644384e-01,\n",
      "         8.46162993e-03,  2.51943709e-05],\n",
      "       [ 3.64988274e-02,  4.95860961e-02,  3.74050446e-02,\n",
      "         1.00623917e-02,  1.73750196e-02,  0.00000000e+00,\n",
      "         3.58919345e-02,  1.62682588e-02,  7.43872202e-03,\n",
      "         1.44039443e+00,  2.26591360e-02,  3.78931519e-02,\n",
      "         3.37743962e-03,  1.22995273e+00,  1.92582941e-01,\n",
      "         3.99606610e-03, -1.95271330e-04],\n",
      "       [ 4.42975319e-02,  9.44782967e-03,  1.28263116e-02,\n",
      "         4.48192591e-02,  4.60247000e-02,  3.58919345e-02,\n",
      "         0.00000000e+00,  1.27531016e-02,  9.85320688e-03,\n",
      "         1.28521435e-02,  1.44598256e+00,  2.38965199e-03,\n",
      "         3.25276764e-02,  1.17679535e+00,  2.27050074e-01,\n",
      "         5.27541636e-03, -1.87767041e-04],\n",
      "       [ 4.27527677e-02,  1.55502428e-02,  3.08452318e-02,\n",
      "         1.64258181e-02,  3.63439581e-02,  1.62682588e-02,\n",
      "         1.27531016e-02,  0.00000000e+00,  2.97913584e-02,\n",
      "         2.51753201e-02,  2.76443500e-02,  1.10630197e+00,\n",
      "         1.13118293e+00,  1.02153929e+00,  5.46529765e-03,\n",
      "         7.42301305e-04,  9.43093476e-05],\n",
