{
 "cells": [
  {
   "cell_type": "markdown",
   "metadata": {
    "id": "j1VOmvUdQU_o"
   },
   "source": [
    "# Tutorial 2. Gaussian process structure optimization\n",
    "\n",
    "## Goal of the notebook\n",
    "\n",
    "The goal of this notebook is to provide step-by-step instructions on how to use GPmin methods to directly enhance DFT simulations.\n",
    "\n",
    "## Description of the method\n",
    "\n",
    "GPmin attempts to reduce the number of DFT evaluations required during geometry optimization. It does this by learning the relations between atomic configurations, energies and forces from a training set. Using this information it constructs a surrogate potential energy surface, which approximates the true energy surface, but is much cheaper to minimize. The surrogate potential energy surface predicted structure is evaluated with the calculator and added to the local training set. This process is repeated until convergence.\n",
    "\n",
    "GPmin gitlab: https://gitlab.com/gpatom/ase-gpatom\n",
    "\n",
    "GPmin article: Garijo del Río, E.; Mortensen, J. J.; Jacobsen, K. W. Local Bayesian Optimizer for Atomic Structures. Phys. Rev. B 2019, 100 (10), 104103. https://doi.org/10.1103/PhysRevB.100.104103.\n",
    "\n",
    "## Outline of the tutorial\n",
    "\n",
    "STEP 1. PtC3N4-OH creation and mock relaxation\n",
    "\n",
    "STEP 2. Lattice optimisation with GP method"
   ]
  },
  {
   "cell_type": "markdown",
   "metadata": {
    "id": "-wq5JgmgEUBt"
   },
   "source": [
    "## Installation and import of packages\n",
    "\n"
   ]
  },
  {
   "cell_type": "markdown",
   "metadata": {
    "id": "-Z-dH59Kgzg8"
   },
   "source": [
    "Next we import the necessary packages:\n",
    "1. ASE https://ase-lib.org/\n",
    "2. scikit-optimize https://scikit-optimize.github.io/stable/\n",
    "3. TBLite https://tblite.readthedocs.io\n"
   ]
  },
  {
   "cell_type": "code",
   "execution_count": null,
   "metadata": {
    "id": "sYZsm5f9fTHn"
   },
   "outputs": [],
   "source": [
    "##########################\n",
    "##-Imports for building-##\n",
    "##########################\n",
    "\n",
    "##-Imports for ASE\n",
    "from ase import Atoms\n",
    "from ase.constraints import FixAtoms\n",
    "from ase.data.pubchem import pubchem_atoms_search\n",
    "from ase.optimize import GPMin\n",
    "from ase.io import read, write\n",
    "from ase.visualize import view\n",
    "\n",
    "##-Imports for scikit-optimize\n",
    "from skopt import gp_minimize\n",
    "from skopt.plots import plot_convergence, plot_gaussian_process\n",
    "from skopt.space import Real\n",
    "\n",
    "##-Import for TBLite\n",
    "from tblite.ase import TBLite\n",
    "\n",
    "##-General imports\n",
    "from numpy import diag\n",
    "import numpy as np"
   ]
  },
  {
   "cell_type": "markdown",
   "metadata": {
    "id": "jKoSdx64Egf6"
   },
   "source": [
    "## STEP 1. PtC3N4-OH creation and mock relaxation\n",
    "\n",
    "We first load a template structure, which we modify to make the final structure. The modifications with the explanations can be seen in the code. Next we run a optimise the structure. Since this would take a fairly long amount of time, we \"cheat\" by importing a nearly optimised structure."
   ]
  },
  {
   "cell_type": "code",
   "execution_count": null,
   "metadata": {
    "colab": {
     "base_uri": "https://localhost:8080/",
     "height": 337
    },
    "executionInfo": {
     "elapsed": 1169,
     "status": "ok",
     "timestamp": 1773558371068,
     "user": {
      "displayName": "Vladislav Ivanistsev",
      "userId": "04358592966897544913"
     },
     "user_tz": -120
    },
    "id": "cacM5l92easj",
    "outputId": "d65ed684-3587-464d-89cb-b44d43818c37"
   },
   "outputs": [
    {
     "data": {
      "text/html": [
       "<html>\n",
       "    <head>\n",
       "        <title>ASE atomic visualization</title>\n",
       "        <link rel=\"stylesheet\" type=\"text/css\"             href=\"https://www.x3dom.org/release/x3dom.css\"></link>\n",
       "        <script type=\"text/javascript\"             src=\"https://www.x3dom.org/release/x3dom.js\"></script>\n",
       "    </head>\n",
       "    <body>\n",
       "        <X3D width=\"400px\"; height=\"300px\";>\n",
       "\n",
       "<!--Inserting Generated X3D Scene-->\n",
       "<scene>\n",
       "  <viewpoint position=\"0 0 30.0\">\n",
       "    <group/>\n",
       "  </viewpoint>\n",
       "  <transform translation=\"-3.5315064813051094 -3.0583743264396195 -7.5\">\n",
       "    <group>\n",
       "      <group>\n",
       "        <transform translation=\"0 0 0\">\n",
       "          <shape>\n",
       "            <appearance>\n",
       "              <material diffuseColor=\"0 0 0\"/>\n",
       "            </appearance>\n",
       "            <lineset vertexCount=\"5\">\n",
       "              <coordinate point=\"0 0 0 7.063012962610219 0.0 0.0 10.594519443915328 6.116748652879239 0.0 3.5315064813051094 6.116748652879239 0.0 0 0 0\"/>\n",
       "            </lineset>\n",
       "          </shape>\n",
       "        </transform>\n",
       "        <transform translation=\"0.0 0.0 15.0\">\n",
       "          <shape>\n",
       "            <appearance>\n",
       "              <material diffuseColor=\"0 0 0\"/>\n",
       "            </appearance>\n",
       "            <lineset vertexCount=\"5\">\n",
       "              <coordinate point=\"0 0 0 7.063012962610219 0.0 0.0 10.594519443915328 6.116748652879239 0.0 3.5315064813051094 6.116748652879239 0.0 0 0 0\"/>\n",
       "            </lineset>\n",
       "          </shape>\n",
       "        </transform>\n",
       "        <transform translation=\"0 0 0\">\n",
       "          <shape>\n",
       "            <appearance>\n",
       "              <material diffuseColor=\"0 0 0\"/>\n",
       "            </appearance>\n",
       "            <lineset vertexCount=\"5\">\n",
       "              <coordinate point=\"0 0 0 7.063012962610219 0.0 0.0 7.063012962610219 0.0 15.0 0.0 0.0 15.0 0 0 0\"/>\n",
       "            </lineset>\n",
       "          </shape>\n",
       "        </transform>\n",
       "        <transform translation=\"3.5315064813051094 6.116748652879239 0.0\">\n",
       "          <shape>\n",
       "            <appearance>\n",
       "              <material diffuseColor=\"0 0 0\"/>\n",
       "            </appearance>\n",
       "            <lineset vertexCount=\"5\">\n",
       "              <coordinate point=\"0 0 0 7.063012962610219 0.0 0.0 7.063012962610219 0.0 15.0 0.0 0.0 15.0 0 0 0\"/>\n",
       "            </lineset>\n",
       "          </shape>\n",
       "        </transform>\n",
       "      </group>\n",
       "      <group>\n",
       "        <transform translation=\"1.773566059034406 0.9932925326879718 4.0003\">\n",
       "          <shape>\n",
       "            <appearance>\n",
       "              <material diffuseColor=\"0.188 0.314 0.973\"/>\n",
       "            </appearance>\n",
       "            <sphere radius=\"0.71\"/>\n",
       "          </shape>\n",
       "        </transform>\n",
       "        <transform translation=\"2.9853923569851224 -0.9591342325442249 4.0002\">\n",
       "          <shape>\n",
       "            <appearance>\n",
       "              <material diffuseColor=\"0.188 0.314 0.973\"/>\n",
       "            </appearance>\n",
       "            <sphere radius=\"0.71\"/>\n",
       "          </shape>\n",
       "        </transform>\n",
       "        <transform translation=\"4.212797468197759 1.0750394136740855 4.0002\">\n",
       "          <shape>\n",
       "            <appearance>\n",
       "              <material diffuseColor=\"0.188 0.314 0.973\"/>\n",
       "            </appearance>\n",
       "            <sphere radius=\"0.71\"/>\n",
       "          </shape>\n",
       "        </transform>\n",
       "        <transform translation=\"0.5958544499989853 -1.0588089087479042 4.0003\">\n",
       "          <shape>\n",
       "            <appearance>\n",
       "              <material diffuseColor=\"0.188 0.314 0.973\"/>\n",
       "            </appearance>\n",
       "            <sphere radius=\"0.71\"/>\n",
       "          </shape>\n",
       "        </transform>\n",
       "        <transform translation=\"-0.6198054003104851 0.9985095810211342 4.0001\">\n",
       "          <shape>\n",
       "            <appearance>\n",
       "              <material diffuseColor=\"0.188 0.314 0.973\"/>\n",
       "            </appearance>\n",
       "            <sphere radius=\"0.71\"/>\n",
       "          </shape>\n",
       "        </transform>\n",
       "        <transform translation=\"2.995110971458895 3.0196317631550325 4.0002\">\n",
       "          <shape>\n",
       "            <appearance>\n",
       "              <material diffuseColor=\"0.188 0.314 0.973\"/>\n",
       "            </appearance>\n",
       "            <sphere radius=\"0.71\"/>\n",
       "          </shape>\n",
       "        </transform>\n",
       "        <transform translation=\"0.519846999227521 2.992170740352696 4.0001\">\n",
       "          <shape>\n",
       "            <appearance>\n",
       "              <material diffuseColor=\"0.188 0.314 0.973\"/>\n",
       "            </appearance>\n",
       "            <sphere radius=\"0.71\"/>\n",
       "          </shape>\n",
       "        </transform>\n",
       "        <transform translation=\"-1.765753240652555 -1.0194581088132062 4.0\">\n",
       "          <shape>\n",
       "            <appearance>\n",
       "              <material diffuseColor=\"0.188 0.314 0.973\"/>\n",
       "            </appearance>\n",
       "            <sphere radius=\"0.71\"/>\n",
       "          </shape>\n",
       "        </transform>\n",
       "        <transform translation=\"1.7201158343163807 -0.39958364396147905 4.0004\">\n",
       "          <shape>\n",
       "            <appearance>\n",
       "              <material diffuseColor=\"0.565 0.565 0.565\"/>\n",
       "            </appearance>\n",
       "            <sphere radius=\"0.76\"/>\n",
       "          </shape>\n",
       "        </transform>\n",
       "        <transform translation=\"2.9797473354886206 1.7130677047599718 4.0003\">\n",
       "          <shape>\n",
       "            <appearance>\n",
       "              <material diffuseColor=\"0.565 0.565 0.565\"/>\n",
       "            </appearance>\n",
       "            <sphere radius=\"0.76\"/>\n",
       "          </shape>\n",
       "        </transform>\n",
       "        <transform translation=\"0.5723192461282518 1.6889162129079658 4.0003\">\n",
       "          <shape>\n",
       "            <appearance>\n",
       "              <material diffuseColor=\"0.565 0.565 0.565\"/>\n",
       "            </appearance>\n",
       "            <sphere radius=\"0.76\"/>\n",
       "          </shape>\n",
       "        </transform>\n",
       "        <transform translation=\"4.171974565626965 -0.23724091484787202 4.0002\">\n",
       "          <shape>\n",
       "            <appearance>\n",
       "              <material diffuseColor=\"0.565 0.565 0.565\"/>\n",
       "            </appearance>\n",
       "            <sphere radius=\"0.76\"/>\n",
       "          </shape>\n",
       "        </transform>\n",
       "        <transform translation=\"-0.5841175442411797 -0.31686328890175464 4.0003\">\n",
       "          <shape>\n",
       "            <appearance>\n",
       "              <material diffuseColor=\"0.565 0.565 0.565\"/>\n",
       "            </appearance>\n",
       "            <sphere radius=\"0.76\"/>\n",
       "          </shape>\n",
       "        </transform>\n",
       "        <transform translation=\"1.750556544415557 3.6318811634216455 4.0003\">\n",
       "          <shape>\n",
       "            <appearance>\n",
       "              <material diffuseColor=\"0.565 0.565 0.565\"/>\n",
       "            </appearance>\n",
       "            <sphere radius=\"0.76\"/>\n",
       "          </shape>\n",
       "        </transform>\n",
       "        <transform translation=\"5.297259721957664 3.0583743264396195 4.0\">\n",
       "          <shape>\n",
       "            <appearance>\n",
       "              <material diffuseColor=\"0.816 0.816 0.878\"/>\n",
       "            </appearance>\n",
       "            <sphere radius=\"1.36\"/>\n",
       "          </shape>\n",
       "        </transform>\n",
       "      </group>\n",
       "    </group>\n",
       "  </transform>\n",
       "</scene>\n",
       "<!--End of Inserted Scene-->\n",
       "\n",
       "        </X3D>\n",
       "    </body>\n",
       "</html>\n",
       "\n"
      ],
      "text/plain": [
       "<IPython.core.display.HTML object>"
      ]
     },
     "execution_count": 3,
     "metadata": {},
     "output_type": "execute_result"
    }
   ],
   "source": [
    "#########################################\n",
    "##-Building initial catalyst structure-##\n",
    "#########################################\n",
    "\n",
    "##-Load template structure\n",
    "PtC3N4 = pubchem_atoms_search(smiles=\"C1(=NC2=NC(=N)N=C3N2C(=NC(=N3)N)N1)N\")\n",
    "\n",
    "##-Rotate so the 7th and 8th atoms' vector lies along +x (rotate about atom 8 to avoid drift)\n",
    "v = PtC3N4[7].position[:2] - PtC3N4[8].position[:2]\n",
    "angle_deg = np.degrees(np.arctan2(v[1], v[0]))\n",
    "PtC3N4.rotate(-angle_deg, 'z', center=PtC3N4[8].position)\n",
    "\n",
    "##-Translate so the 8th atom is at the origin\n",
    "PtC3N4.translate(-PtC3N4[8].position)\n",
    "\n",
    "##-Set the unit cell\n",
    "a_PtC3N4 = PtC3N4.get_distance(7, 8)\n",
    "PtC3N4.set_cell([[a_PtC3N4, 0, 0], [a_PtC3N4/2, a_PtC3N4*(3**0.5)/2, 0], [0, 0, 15]], scale_atoms=False)\n",
    "PtC3N4.set_pbc([True, True, False])\n",
    "\n",
    "##-Delete atoms\n",
    "del PtC3N4[9]\n",
    "del PtC3N4[7]\n",
    "del PtC3N4[[atom.index for atom in PtC3N4 if atom.symbol == 'H']]\n",
    "\n",
    "##-Center at Pt\n",
    "PtC3N4 += Atoms('Pt', positions=[[a_PtC3N4, a_PtC3N4*(3**0.5)/3, 0]])\n",
    "\n",
    "##-Move the molecule so that Pt is at [a_PtC3N4/2,(a_PtC3N4/2+a_PtC3N4*(3**0.5)/2)/2,4]\n",
    "shift = PtC3N4.cell[:2,:2].sum(axis=0) / 2 - PtC3N4[-1].position[:2]\n",
    "PtC3N4.translate([shift[0], shift[1], 4])\n",
    "\n",
    "write('PtC3N4.xyz',PtC3N4)\n",
    "\n",
    "view(PtC3N4, viewer='x3d')"
   ]
  },
  {
   "cell_type": "code",
   "execution_count": null,
   "metadata": {
    "colab": {
     "base_uri": "https://localhost:8080/",
     "height": 337
    },
    "executionInfo": {
     "elapsed": 13,
     "status": "ok",
     "timestamp": 1773558371085,
     "user": {
      "displayName": "Vladislav Ivanistsev",
      "userId": "04358592966897544913"
     },
     "user_tz": -120
    },
    "id": "E74Jz6WxhTK6",
    "outputId": "66afee25-ba5b-42ca-c821-e57df8c58d04"
   },
   "outputs": [
    {
     "data": {
      "text/html": [
       "<html>\n",
       "    <head>\n",
       "        <title>ASE atomic visualization</title>\n",
       "        <link rel=\"stylesheet\" type=\"text/css\"             href=\"https://www.x3dom.org/release/x3dom.css\"></link>\n",
       "        <script type=\"text/javascript\"             src=\"https://www.x3dom.org/release/x3dom.js\"></script>\n",
       "    </head>\n",
       "    <body>\n",
       "        <X3D width=\"400px\"; height=\"300px\";>\n",
       "\n",
       "<!--Inserting Generated X3D Scene-->\n",
       "<scene>\n",
       "  <viewpoint position=\"0 0 30.0\">\n",
       "    <group/>\n",
       "  </viewpoint>\n",
       "  <transform translation=\"-3.5315064813051094 -3.0583743264396195 -7.5\">\n",
       "    <group>\n",
       "      <group>\n",
       "        <transform translation=\"0 0 0\">\n",
       "          <shape>\n",
       "            <appearance>\n",
       "              <material diffuseColor=\"0 0 0\"/>\n",
       "            </appearance>\n",
       "            <lineset vertexCount=\"5\">\n",
       "              <coordinate point=\"0 0 0 7.063012962610219 0.0 0.0 10.594519443915328 6.116748652879239 0.0 3.5315064813051094 6.116748652879239 0.0 0 0 0\"/>\n",
       "            </lineset>\n",
       "          </shape>\n",
       "        </transform>\n",
       "        <transform translation=\"0.0 0.0 15.0\">\n",
       "          <shape>\n",
       "            <appearance>\n",
       "              <material diffuseColor=\"0 0 0\"/>\n",
       "            </appearance>\n",
       "            <lineset vertexCount=\"5\">\n",
       "              <coordinate point=\"0 0 0 7.063012962610219 0.0 0.0 10.594519443915328 6.116748652879239 0.0 3.5315064813051094 6.116748652879239 0.0 0 0 0\"/>\n",
       "            </lineset>\n",
       "          </shape>\n",
       "        </transform>\n",
       "        <transform translation=\"0 0 0\">\n",
       "          <shape>\n",
       "            <appearance>\n",
       "              <material diffuseColor=\"0 0 0\"/>\n",
       "            </appearance>\n",
       "            <lineset vertexCount=\"5\">\n",
       "              <coordinate point=\"0 0 0 7.063012962610219 0.0 0.0 7.063012962610219 0.0 15.0 0.0 0.0 15.0 0 0 0\"/>\n",
       "            </lineset>\n",
       "          </shape>\n",
       "        </transform>\n",
       "        <transform translation=\"3.5315064813051094 6.116748652879239 0.0\">\n",
       "          <shape>\n",
       "            <appearance>\n",
       "              <material diffuseColor=\"0 0 0\"/>\n",
       "            </appearance>\n",
       "            <lineset vertexCount=\"5\">\n",
       "              <coordinate point=\"0 0 0 7.063012962610219 0.0 0.0 7.063012962610219 0.0 15.0 0.0 0.0 15.0 0 0 0\"/>\n",
       "            </lineset>\n",
       "          </shape>\n",
       "        </transform>\n",
       "      </group>\n",
       "      <group>\n",
       "        <transform translation=\"1.773566059034406 0.9932925326879718 4.0003\">\n",
       "          <shape>\n",
       "            <appearance>\n",
       "              <material diffuseColor=\"0.188 0.314 0.973\"/>\n",
       "            </appearance>\n",
       "            <sphere radius=\"0.71\"/>\n",
       "          </shape>\n",
       "        </transform>\n",
       "        <transform translation=\"2.9853923569851224 -0.9591342325442249 4.0002\">\n",
       "          <shape>\n",
       "            <appearance>\n",
       "              <material diffuseColor=\"0.188 0.314 0.973\"/>\n",
       "            </appearance>\n",
       "            <sphere radius=\"0.71\"/>\n",
       "          </shape>\n",
       "        </transform>\n",
       "        <transform translation=\"4.212797468197759 1.0750394136740855 4.0002\">\n",
       "          <shape>\n",
       "            <appearance>\n",
       "              <material diffuseColor=\"0.188 0.314 0.973\"/>\n",
       "            </appearance>\n",
       "            <sphere radius=\"0.71\"/>\n",
       "          </shape>\n",
       "        </transform>\n",
       "        <transform translation=\"0.5958544499989853 -1.0588089087479042 4.0003\">\n",
       "          <shape>\n",
       "            <appearance>\n",
       "              <material diffuseColor=\"0.188 0.314 0.973\"/>\n",
       "            </appearance>\n",
       "            <sphere radius=\"0.71\"/>\n",
       "          </shape>\n",
       "        </transform>\n",
       "        <transform translation=\"-0.6198054003104851 0.9985095810211342 4.0001\">\n",
       "          <shape>\n",
       "            <appearance>\n",
       "              <material diffuseColor=\"0.188 0.314 0.973\"/>\n",
       "            </appearance>\n",
       "            <sphere radius=\"0.71\"/>\n",
       "          </shape>\n",
       "        </transform>\n",
       "        <transform translation=\"2.995110971458895 3.0196317631550325 4.0002\">\n",
       "          <shape>\n",
       "            <appearance>\n",
       "              <material diffuseColor=\"0.188 0.314 0.973\"/>\n",
       "            </appearance>\n",
       "            <sphere radius=\"0.71\"/>\n",
       "          </shape>\n",
       "        </transform>\n",
       "        <transform translation=\"0.519846999227521 2.992170740352696 4.0001\">\n",
       "          <shape>\n",
       "            <appearance>\n",
       "              <material diffuseColor=\"0.188 0.314 0.973\"/>\n",
       "            </appearance>\n",
       "            <sphere radius=\"0.71\"/>\n",
       "          </shape>\n",
       "        </transform>\n",
       "        <transform translation=\"-1.765753240652555 -1.0194581088132062 4.0\">\n",
       "          <shape>\n",
       "            <appearance>\n",
       "              <material diffuseColor=\"0.188 0.314 0.973\"/>\n",
       "            </appearance>\n",
       "            <sphere radius=\"0.71\"/>\n",
       "          </shape>\n",
       "        </transform>\n",
       "        <transform translation=\"1.7201158343163807 -0.39958364396147905 4.0004\">\n",
       "          <shape>\n",
       "            <appearance>\n",
       "              <material diffuseColor=\"0.565 0.565 0.565\"/>\n",
       "            </appearance>\n",
       "            <sphere radius=\"0.76\"/>\n",
       "          </shape>\n",
       "        </transform>\n",
       "        <transform translation=\"2.9797473354886206 1.7130677047599718 4.0003\">\n",
       "          <shape>\n",
       "            <appearance>\n",
       "              <material diffuseColor=\"0.565 0.565 0.565\"/>\n",
       "            </appearance>\n",
       "            <sphere radius=\"0.76\"/>\n",
       "          </shape>\n",
       "        </transform>\n",
       "        <transform translation=\"0.5723192461282518 1.6889162129079658 4.0003\">\n",
       "          <shape>\n",
       "            <appearance>\n",
       "              <material diffuseColor=\"0.565 0.565 0.565\"/>\n",
       "            </appearance>\n",
       "            <sphere radius=\"0.76\"/>\n",
       "          </shape>\n",
       "        </transform>\n",
       "        <transform translation=\"4.171974565626965 -0.23724091484787202 4.0002\">\n",
       "          <shape>\n",
       "            <appearance>\n",
       "              <material diffuseColor=\"0.565 0.565 0.565\"/>\n",
       "            </appearance>\n",
       "            <sphere radius=\"0.76\"/>\n",
       "          </shape>\n",
       "        </transform>\n",
       "        <transform translation=\"-0.5841175442411797 -0.31686328890175464 4.0003\">\n",
       "          <shape>\n",
       "            <appearance>\n",
       "              <material diffuseColor=\"0.565 0.565 0.565\"/>\n",
       "            </appearance>\n",
       "            <sphere radius=\"0.76\"/>\n",
       "          </shape>\n",
       "        </transform>\n",
       "        <transform translation=\"1.750556544415557 3.6318811634216455 4.0003\">\n",
       "          <shape>\n",
       "            <appearance>\n",
       "              <material diffuseColor=\"0.565 0.565 0.565\"/>\n",
       "            </appearance>\n",
       "            <sphere radius=\"0.76\"/>\n",
       "          </shape>\n",
       "        </transform>\n",
       "        <transform translation=\"5.297259721957664 3.0583743264396195 4.0\">\n",
       "          <shape>\n",
       "            <appearance>\n",
       "              <material diffuseColor=\"0.816 0.816 0.878\"/>\n",
       "            </appearance>\n",
       "            <sphere radius=\"1.36\"/>\n",
       "          </shape>\n",
       "        </transform>\n",
       "        <transform translation=\"5.297259721957664 3.0583743264396195 6.2\">\n",
       "          <shape>\n",
       "            <appearance>\n",
       "              <material diffuseColor=\"1.0 0.051 0.051\"/>\n",
       "            </appearance>\n",
       "            <sphere radius=\"0.66\"/>\n",
       "          </shape>\n",
       "        </transform>\n",
       "        <transform translation=\"5.297259721957664 3.758374326439619 6.9\">\n",
       "          <shape>\n",
       "            <appearance>\n",
       "              <material diffuseColor=\"1.0 1.0 1.0\"/>\n",
       "            </appearance>\n",
       "            <sphere radius=\"0.31\"/>\n",
       "          </shape>\n",
       "        </transform>\n",
       "      </group>\n",
       "    </group>\n",
       "  </transform>\n",
       "</scene>\n",
       "<!--End of Inserted Scene-->\n",
       "\n",
       "        </X3D>\n",
       "    </body>\n",
       "</html>\n",
       "\n"
      ],
      "text/plain": [
       "<IPython.core.display.HTML object>"
      ]
     },
     "execution_count": 4,
     "metadata": {},
     "output_type": "execute_result"
    }
   ],
   "source": [
    "######################################\n",
    "##-Adding adsorbate to the catalyst-##\n",
    "######################################\n",
    "\n",
    "PtC3N4_OH = PtC3N4 + Atoms('O', positions=[PtC3N4[-1].position + np.array([0,0,2.2])])\n",
    "PtC3N4_OH += Atoms('H', positions=[PtC3N4_OH[-1].position + np.array([0,0.7,0.7])])\n",
    "\n",
    "view(PtC3N4_OH, viewer='x3d')"
   ]
  },
  {
   "cell_type": "code",
   "execution_count": null,
   "metadata": {
    "id": "Q7pzaXylqMXc"
   },
   "outputs": [],
   "source": [
    "###############################################\n",
    "##-Downloading an almost optimized structure-##\n",
    "###############################################\n",
    "\n",
    "##-Getting a structure that is almost relaxed since running it from the start is going to take to long for the example.\n",
    "!wget https://raw.githubusercontent.com/doublelayer/test_models/refs/heads/main/PtC3N4/PtC3N4_OH_lat7_near_relaxed.xyz\n",
    "\n",
    "view(PtC3N4_OH, viewer='x3d')"
   ]
  },
  {
   "cell_type": "code",
   "execution_count": null,
   "metadata": {
    "colab": {
     "base_uri": "https://localhost:8080/"
    },
    "collapsed": true,
    "executionInfo": {
     "elapsed": 46134,
     "status": "ok",
     "timestamp": 1773558417462,
     "user": {
      "displayName": "Vladislav Ivanistsev",
      "userId": "04358592966897544913"
     },
     "user_tz": -120
    },
    "id": "ibh0Z84Kkz9b",
    "outputId": "a8c51601-7f57-4b17-e25a-6ffac25f213b"
   },
   "outputs": [
    {
     "name": "stdout",
     "output_type": "stream",
     "text": [
      "\u001b[1;30;43mStreaming output truncated to the last 5000 lines.\u001b[0m\n",
      "       [ 9.40073895e-03,  5.70423592e-03,  1.98600386e-02,\n",
      "         2.05887994e-03,  1.76765414e-02,  1.23196094e+00,\n",
      "         1.17423442e+00,  1.00733313e+00,  2.09663408e-02,\n",
      "         1.73538866e-02,  1.05602529e-02,  1.80463172e-02,\n",
      "         2.78522524e-02,  0.00000000e+00,  2.66957175e-02,\n",
      "         4.77235463e-03,  1.74673778e-04],\n",
      "       [ 2.49830070e-02,  1.54518224e-01,  1.98355473e-01,\n",
      "         1.90196667e-01,  1.43847768e-01,  1.94569030e-01,\n",
      "         2.26632413e-01,  5.72906517e-03,  9.97811150e-03,\n",
      "         3.12629567e-02,  4.10954746e-02,  2.66416255e-02,\n",
      "         2.54282562e-02,  2.66957175e-02,  0.00000000e+00,\n",
      "         5.06907748e-01, -3.14777348e-03],\n",
      "       [ 7.48766398e-04,  3.63266310e-03,  3.63476304e-03,\n",
      "         3.94948221e-03,  3.27551205e-03,  3.63369749e-03,\n",
      "         3.98136478e-03,  2.51477239e-03,  1.26799585e-03,\n",
      "         2.30301193e-03,  2.40500717e-03,  1.68041883e-03,\n",
      "         2.11735182e-03,  4.77235463e-03,  5.06907748e-01,\n",
      "         0.00000000e+00,  9.52856211e-01],\n",
      "       [-3.53093447e-05,  2.23089337e-04, -1.04368433e-04,\n",
      "        -1.77592109e-04, -6.20417541e-05, -2.69200722e-04,\n",
      "        -2.32323495e-04,  8.66919793e-05,  6.77191913e-04,\n",
      "         2.26820796e-05,  3.48266628e-05,  2.88766037e-05,\n",
      "         6.50130138e-05,  1.74673778e-04, -3.14777348e-03,\n",
      "         9.52856211e-01,  0.00000000e+00]]), 'molecular-dipole': array([ -2.47241029,  -0.49550924, -10.00505314])}\n",
      "{'bond-orders': array([[ 0.00000000e+00,  3.21005158e-02,  2.48896321e-02,\n",
      "         4.16085200e-02,  2.38052676e-02,  3.61096577e-02,\n",
      "         4.40420958e-02,  4.13328327e-02,  1.05651987e+00,\n",
      "         1.03296434e+00,  1.06161232e+00,  1.18492885e-02,\n",
      "         1.70616708e-02,  9.40073895e-03,  2.49830070e-02,\n",
      "         7.48766398e-04, -3.53093447e-05],\n",
      "       [ 3.21005158e-02,  0.00000000e+00,  8.51762040e-02,\n",
      "         4.02659311e-02,  2.58048237e-02,  4.80597093e-02,\n",
      "         9.35991465e-03,  1.44257091e-02,  1.24983922e+00,\n",
      "         1.84400297e-02,  6.57432187e-03,  1.26586485e+00,\n",
      "         4.08551674e-02,  5.70423592e-03,  1.54518224e-01,\n",
      "         3.63266310e-03,  2.23089337e-04],\n",
      "       [ 2.48896321e-02,  8.51762040e-02,  0.00000000e+00,\n",
      "         3.37360162e-02,  9.18248577e-03,  3.62488720e-02,\n",
      "         1.22503171e-02,  3.48081976e-02,  8.57218615e-03,\n",
      "         1.17497625e+00,  8.00602080e-03,  1.37465435e+00,\n",
      "         4.32852361e-03,  1.98600386e-02,  1.98355473e-01,\n",
      "         3.63476304e-03, -1.04368433e-04],\n",
      "       [ 4.16085200e-02,  4.02659311e-02,  3.37360162e-02,\n",
      "         0.00000000e+00,  6.44120387e-02,  1.04542360e-02,\n",
      "         4.31153102e-02,  1.55861625e-02,  1.38392626e+00,\n",
      "         5.96628720e-03,  2.26211994e-02,  3.83154898e-02,\n",
      "         1.21574894e+00,  2.05887994e-03,  1.90196667e-01,\n",
      "         3.94948221e-03, -1.77592109e-04],\n",
      "       [ 2.38052676e-02,  2.58048237e-02,  9.18248577e-03,\n",
      "         6.44120387e-02,  0.00000000e+00,  1.78131108e-02,\n",
      "         4.58872977e-02,  4.08561656e-02,  9.52879527e-03,\n",
      "         1.33150113e-02,  1.20302866e+00,  8.59598700e-04,\n",
      "         1.35035859e+00,  1.76765414e-02,  1.43847768e-01,\n",
      "         3.27551205e-03, -6.20417541e-05],\n",
      "       [ 3.61096577e-02,  4.80597093e-02,  3.62488720e-02,\n",
      "         1.04542360e-02,  1.78131108e-02,  0.00000000e+00,\n",
      "         3.59357675e-02,  1.52075219e-02,  7.03909849e-03,\n",
      "         1.43655844e+00,  2.35040089e-02,  4.02210556e-02,\n",
      "         2.91239093e-03,  1.23196094e+00,  1.94569030e-01,\n",
      "         3.63369749e-03, -2.69200722e-04],\n",
      "       [ 4.40420958e-02,  9.35991465e-03,  1.22503171e-02,\n",
      "         4.31153102e-02,  4.58872977e-02,  3.59357675e-02,\n",
      "         0.00000000e+00,  1.17045831e-02,  9.75845441e-03,\n",
      "         1.25049565e-02,  1.44394101e+00,  1.91319353e-03,\n",
      "         3.37688016e-02,  1.17423442e+00,  2.26632413e-01,\n",
      "         3.98136478e-03, -2.32323495e-04],\n",
      "       [ 4.13328327e-02,  1.44257091e-02,  3.48081976e-02,\n",
      "         1.55861625e-02,  4.08561656e-02,  1.52075219e-02,\n",
      "         1.17045831e-02,  0.00000000e+00,  3.15283775e-02,\n",
      "         2.36805052e-02,  2.64178970e-02,  1.10686189e+00,\n",
      "         1.13397405e+00,  1.00733313e+00,  5.72906517e-03,\n",
      "         2.51477239e-03,  8.66919793e-05],\n",
      "       [ 1.05651987e+00,  1.24983922e+00,  8.57218615e-03,\n",
      "         1.38392626e+00,  9.52879527e-03,  7.03909849e-03,\n",
      "         9.75845441e-03,  3.15283775e-02,  0.00000000e+00,\n",
      "         2.59797327e-02,  1.53342100e-02,  1.31062941e-02,\n",
      "         9.57249258e-03,  2.09663408e-02,  9.97811150e-03,\n",
      "         1.26799585e-03,  6.77191913e-04],\n",
      "       [ 1.03296434e+00,  1.84400297e-02,  1.17497625e+00,\n",
      "         5.96628720e-03,  1.33150113e-02,  1.43655844e+00,\n",
      "         1.25049565e-02,  2.36805052e-02,  2.59797327e-02,\n",
      "         0.00000000e+00,  1.05609917e-02,  1.31789488e-02,\n",
      "         5.56321965e-03,  1.73538866e-02,  3.12629567e-02,\n",
      "         2.30301193e-03,  2.26820796e-05],\n",
      "       [ 1.06161232e+00,  6.57432187e-03,  8.00602080e-03,\n",
      "         2.26211994e-02,  1.20302866e+00,  2.35040089e-02,\n",
      "         1.44394101e+00,  2.64178970e-02,  1.53342100e-02,\n",
      "         1.05609917e-02,  0.00000000e+00,  1.16825142e-03,\n",
      "         1.48005923e-02,  1.05602529e-02,  4.10954746e-02,\n",
      "         2.40500717e-03,  3.48266628e-05],\n",
      "       [ 1.18492885e-02,  1.26586485e+00,  1.37465435e+00,\n",
      "         3.83154898e-02,  8.59598700e-04,  4.02210556e-02,\n",
      "         1.91319353e-03,  1.10686189e+00,  1.31062941e-02,\n",
      "         1.31789488e-02,  1.16825142e-03,  0.00000000e+00,\n",
      "         9.73509696e-03,  1.80463172e-02,  2.66416255e-02,\n",
      "         1.68041883e-03,  2.88766037e-05],\n",
      "       [ 1.70616708e-02,  4.08551674e-02,  4.32852361e-03,\n",
      "         1.21574894e+00,  1.35035859e+00,  2.91239093e-03,\n",
      "         3.37688016e-02,  1.13397405e+00,  9.57249258e-03,\n",
      "         5.56321965e-03,  1.48005923e-02,  9.73509696e-03,\n",
      "         0.00000000e+00,  2.78522524e-02,  2.54282562e-02,\n",
      "         2.11735182e-03,  6.50130138e-05],\n",
      "       [ 9.40073895e-03,  5.70423592e-03,  1.98600386e-02,\n",
      "         2.05887994e-03,  1.76765414e-02,  1.23196094e+00,\n",
      "         1.17423442e+00,  1.00733313e+00,  2.09663408e-02,\n",
      "         1.73538866e-02,  1.05602529e-02,  1.80463172e-02,\n",
      "         2.78522524e-02,  0.00000000e+00,  2.66957175e-02,\n",
      "         4.77235463e-03,  1.74673778e-04],\n",
      "       [ 2.49830070e-02,  1.54518224e-01,  1.98355473e-01,\n",
      "         1.90196667e-01,  1.43847768e-01,  1.94569030e-01,\n",
      "         2.26632413e-01,  5.72906517e-03,  9.97811150e-03,\n",
      "         3.12629567e-02,  4.10954746e-02,  2.66416255e-02,\n",
      "         2.54282562e-02,  2.66957175e-02,  0.00000000e+00,\n",
      "         5.06907748e-01, -3.14777348e-03],\n",
      "       [ 7.48766398e-04,  3.63266310e-03,  3.63476304e-03,\n",
      "         3.94948221e-03,  3.27551205e-03,  3.63369749e-03,\n",
      "         3.98136478e-03,  2.51477239e-03,  1.26799585e-03,\n",
      "         2.30301193e-03,  2.40500717e-03,  1.68041883e-03,\n",
      "         2.11735182e-03,  4.77235463e-03,  5.06907748e-01,\n",
      "         0.00000000e+00,  9.52856211e-01],\n",
      "       [-3.53093447e-05,  2.23089337e-04, -1.04368433e-04,\n",
      "        -1.77592109e-04, -6.20417541e-05, -2.69200722e-04,\n",
      "        -2.32323495e-04,  8.66919793e-05,  6.77191913e-04,\n",
      "         2.26820796e-05,  3.48266628e-05,  2.88766037e-05,\n",
      "         6.50130138e-05,  1.74673778e-04, -3.14777348e-03,\n",
      "         9.52856211e-01,  0.00000000e+00]]), 'molecular-dipole': array([ -2.47241029,  -0.49550924, -10.00505314]), 'molecular-quadrupole': array([ 112.04434352,  164.13919466,   52.77311808, -129.00818308,\n",
      "        -43.82864109, -164.8174616 ])}\n",
      "GPMin:   13 07:06:43    -1306.303379        0.080668\n",
      "------------------------------------------------------------\n",
      "  cycle        total energy    energy error   density error\n",
      "------------------------------------------------------------\n",
      "      1     -47.98121802037  -4.8337434E+01   7.0953669E-02\n",
      "      2     -46.25736356406   1.7238545E+00   4.9111873E-01\n",
      "      3     -47.84260309838  -1.5852395E+00   1.6079374E-01\n",
      "      4     -48.00540044281  -1.6279734E-01   1.4676912E-02\n",
      "      5     -48.00506226836   3.3817445E-04   1.5371946E-02\n",
      "      6     -48.00595511066  -8.9284230E-04   9.5526085E-03\n",
      "      7     -48.00631039332  -3.5528265E-04   4.0960867E-03\n",
      "      8     -48.00636205334  -5.1660027E-05   2.0932764E-03\n",
      "      9     -48.00638158799  -1.9534643E-05   9.7494083E-04\n",
      "     10     -48.00638436147  -2.7734851E-06   6.7864480E-04\n",
      "     11     -48.00638620076  -1.8392847E-06   3.8727666E-04\n",
      "     12     -48.00638626078  -6.0019374E-08   3.7947386E-04\n",
      "     13     -48.00638705220  -7.9142078E-07   8.8771392E-05\n",
      "     14     -48.00638707055  -1.8350960E-08   6.0732661E-05\n",
      "     15     -48.00638708757  -1.7023055E-08   1.1820199E-05\n",
      "------------------------------------------------------------\n",
      "\n",
      " total:                                   0.286 sec\n",
      "3\n",
      "{'bond-orders': array([[ 0.00000000e+00,  3.18780786e-02,  2.50769579e-02,\n",
      "         4.16164456e-02,  2.38951991e-02,  3.63663786e-02,\n",
      "         4.42155710e-02,  4.24556158e-02,  1.05590726e+00,\n",
      "         1.03351861e+00,  1.06219135e+00,  1.23673124e-02,\n",
      "         1.76239505e-02,  9.58595821e-03,  2.20074230e-02,\n",
      "         3.85196387e-04, -1.23260728e-04],\n",
      "       [ 3.18780786e-02,  0.00000000e+00,  8.47027823e-02,\n",
      "         3.85034306e-02,  2.61154545e-02,  4.92064455e-02,\n",
      "         9.40968988e-03,  1.53057864e-02,  1.24912965e+00,\n",
      "         1.89501496e-02,  6.67541496e-03,  1.27402703e+00,\n",
      "         4.13224869e-02,  5.22847833e-03,  1.53896368e-01,\n",
      "         4.74322317e-03,  6.85954197e-04],\n",
      "       [ 2.50769579e-02,  8.47027823e-02,  0.00000000e+00,\n",
      "         3.26439249e-02,  8.94081270e-03,  3.70031323e-02,\n",
      "         1.27145213e-02,  3.15708502e-02,  8.36678603e-03,\n",
      "         1.17729167e+00,  8.16277283e-03,  1.36355804e+00,\n",
      "         4.49412016e-03,  2.07499146e-02,  2.15118487e-01,\n",
      "         6.19302065e-03, -1.82178503e-05],\n",
      "       [ 4.16164456e-02,  3.85034306e-02,  3.26439249e-02,\n",
      "         0.00000000e+00,  6.54864267e-02,  1.01443502e-02,\n",
      "         4.43557471e-02,  1.62903358e-02,  1.38076162e+00,\n",
      "         6.07839530e-03,  2.21834073e-02,  3.74840637e-02,\n",
      "         1.22367907e+00,  2.18917903e-03,  1.87732203e-01,\n",
      "         4.86272961e-03, -1.13674632e-04],\n",
      "       [ 2.38951991e-02,  2.61154545e-02,  8.94081270e-03,\n",
      "         6.54864267e-02,  0.00000000e+00,  1.75271714e-02,\n",
      "         4.58617053e-02,  3.72008888e-02,  9.46045920e-03,\n",
      "         1.29643379e-02,  1.20193002e+00,  1.11354747e-03,\n",
      "         1.34372516e+00,  1.83948161e-02,  1.59961135e-01,\n",
      "         6.09760592e-03,  1.89523025e-06],\n",
      "       [ 3.63663786e-02,  4.92064455e-02,  3.70031323e-02,\n",
      "         1.01443502e-02,  1.75271714e-02,  0.00000000e+00,\n",
      "         3.59459832e-02,  1.60885583e-02,  7.32046671e-03,\n",
      "         1.43914005e+00,  2.28733037e-02,  3.83795178e-02,\n",
      "         3.26465354e-03,  1.23092829e+00,  1.92244413e-01,\n",
      "         3.60971841e-03, -2.16488801e-04],\n",
      "       [ 4.42155710e-02,  9.40968988e-03,  1.27145213e-02,\n",
      "         4.43557471e-02,  4.58617053e-02,  3.59459832e-02,\n",
      "         0.00000000e+00,  1.25321596e-02,  9.79123024e-03,\n",
      "         1.27427871e-02,  1.44508991e+00,  2.26270168e-03,\n",
      "         3.27568397e-02,  1.17645886e+00,  2.25912331e-01,\n",
      "         4.52743306e-03, -1.99219932e-04],\n",
      "       [ 4.24556158e-02,  1.53057864e-02,  3.15708502e-02,\n",
      "         1.62903358e-02,  3.72008888e-02,  1.60885583e-02,\n",
