{"cells":[{"cell_type":"markdown","metadata":{"id":"j1VOmvUdQU_o"},"source":["# Tutorial 4. Bayesian statistics in configuration search\n","\n","\n","## Goal of the notebook\n","\n","The goal of this example is to demonstrate the use of the BEACON as implemented in GPAtom and ASE to a 13-atom Ag-Pd-Pt-Ru nanoparticle.\n","\n","## Description of the method\n","\n","The BEACON method applies Bayesian optimization to efficiently search complex configurational spaces in multimetallic systems. Atomic structures are represented using global structural fingerprints that encode both composition and geometry, and their energies are modeled with a Gaussian process surrogate model. During the search, new candidate configurations are generated and evaluated, while the surrogate model guides the exploration toward low-energy structures. This approach enables efficient identification of stable atomic arrangements in alloy nanoparticles, where compositional ordering and atomic positions strongly influence catalytic properties.\n","\n","BEACON gitlab: https://gitlab.com/gpatom/ase-gpatom\n","\n","BEACON article: Kaappa, S.; del Río, E. G.; Jacobsen, K. W. Global Optimization of Atomic Structures with Gradient-Enhanced Gaussian Process Regression. Phys. Rev. B 2021, 103 (17), 174114. https://doi.org/10.1103/PhysRevB.103.174114\n",".\n","## Outline of the tutorial\n","\n","STEP 1. Nanoparticle search\n","\n","STEP 2. Place OH on the lowest energy  nanoparticle\n","\n","STEP 3. Best adsorption location search"]},{"cell_type":"markdown","metadata":{"id":"n2dAosP9yHUa"},"source":["## Installation of packages\n","\n","\n","First thing first, we need to install the packages and import the neccessary functions.\n"]},{"cell_type":"markdown","metadata":{"id":"EDuV6-AtwGD8"},"source":["\n","Next we import the necessary packages:\n","\n","ASE https://ase-lib.org/\n","\n","TBLite https://github.com/tblite\n","\n","GPAtom https://gitlab.com/gpatom\n"]},{"cell_type":"code","execution_count":null,"metadata":{"id":"aP_FaUKUFsiA"},"outputs":[],"source":["#############\n","##-Imports-##\n","#############\n","\n","##-ASE\n","from ase import Atoms, Atom\n","from ase.io import read, write\n","from ase.visualize import view\n","from ase.data import covalent_radii, atomic_numbers\n","from ase.constraints import FixAtoms, FixBondLengths\n","\n","##-TBLite\n","from tblite.ase import TBLite\n","\n","##-GPAtom\n","from gpatom.gpfp.prior import RepulsivePotential, CalculatorPrior\n","from gpatom.beacon.str_gen import  RandomBox, AtomsRelaxer, RandomMolecule, RandomStructure\n","from gpatom.gpfp.gp import GaussianProcess\n","from gpatom.gpfp.fingerprint import FingerPrint, FPUpdater\n","from gpatom.gpfp.avishart_hpfitter import HpFitterConstantRatioParallel\n","from gpatom.gpfp.atoms_gp_interface import LCBModel\n","from gpatom.beacon.beacon import  (BEACON, SurrogateOptimizer,InitatomsGenerator, Checker)\n","\n","##-Other\n","import numpy as np"]},{"cell_type":"markdown","metadata":{"id":"jLl4sY2Y-MZZ"},"source":["\n","## STEP 1. Nanoparticle Search\n","\n","BEACON generates random atomic arrangements of the alloy and evaluates their energies using TBLite calculator. This energy is inturn used by a Gaussian-process model surrogate which guides the search toward promising structures, essentially locating the low-energy geometries."]},{"cell_type":"code","execution_count":null,"metadata":{"id":"JH0yQzqjEZqz"},"outputs":[],"source":["########################\n","##-Creating the alloy-##\n","########################\n","\n","##-Creating the alloy\n","elements = Atoms(['Pt']*3 + ['Pd']*2 + ['Ag']*3 + ['Ru']*5,  cell = [15,15,15], pbc=False)\n","elements.calc = TBLite(method=\"GFN1-xTB\", verbosity = 0)"]},{"cell_type":"code","execution_count":null,"metadata":{"id":"Q56IFylAGiHE"},"outputs":[],"source":["################################\n","##-Structure generation setup-##\n","################################\n","\n","##-First we define a repulsive potential to make sure that atoms arent placed ontop  of each other, this is a simple lennard jones ase calculator\n","potential=RepulsivePotential(prefactor=10, rc=0.9)\n","\n","##-Then a relaxtion algoritm using the potential as calculator, This is an interface that call BFGS, it might be replaceable with a normal optimisers\n","relaxer=AtomsRelaxer(calculator=potential, with_unit_cell=False)\n","\n","##-The random generator, we dont have multple ranks so no need to account for it in this instance\n","rng = np.random.RandomState(42)\n","\n","system_gen = RandomBox(elements, box=[(5, 10)]*3, rng=rng, relaxer=relaxer)\n","initatomsgen=InitatomsGenerator(sgen=system_gen, rgen=system_gen)\n","\n","##-Now we have all the code for generating structures"]},{"cell_type":"code","execution_count":null,"metadata":{"id":"FmYvvWMJLKWq"},"outputs":[],"source":["###########################\n","##-Surrogate model setup-##\n","###########################\n","\n","##-Sets and interfaces the calculator used in fingerprinting\n","prior_calculator = potential ##-TBLite(method=\"GFN1-xTB\", verbosity = 0)\n","prior=CalculatorPrior(potential, constant=0)\n","\n","gp_args = dict(prior=prior,\n","               hp={'scale': 1000, 'weight': 100,\n","                   'ratio': 0.001, 'noisefactor': 1},\n","               use_forces=True)\n","\n","gp=GaussianProcess(**gp_args)\n","\n","\n","##-Next we set the size of a Atom fingerprint to  that of the largest atom\n","r_atom = max(covalent_radii[atomic_numbers['Pt']],\n","             covalent_radii[atomic_numbers['Pd']],\n","             covalent_radii[atomic_numbers['Ag']],\n","             covalent_radii[atomic_numbers['Ru']])\n","fp_args = {'r_cutoff': r_atom*5, 'a_cutoff': r_atom*3, 'aweight': 1}\n","fp=FingerPrint(fp_args=fp_args, calc_strain=False)\n","\n","##-Optimiser for parameters\n","hp_optimizer = HpFitterConstantRatioParallel()\n","\n","##-Fingerprint updater\n","fp_updater=FPUpdater(factor=1/3)\n","\n","##-Finally everything is put together in the ML model\n","model=LCBModel(gp=gp, fp=fp, hp_optimizer=hp_optimizer, fp_updater=fp_updater, kappa=2)"]},{"cell_type":"code","execution_count":null,"metadata":{"colab":{"base_uri":"https://localhost:8080/"},"collapsed":true,"executionInfo":{"elapsed":954697,"status":"ok","timestamp":1773562472087,"user":{"displayName":"Vladislav Ivanistsev","userId":"04358592966897544913"},"user_tz":-120},"id":"M-YlA7C5SAvs","outputId":"ee1b1f4a-e592-4a65-db00-f721e32b8aee"},"outputs":[{"output_type":"stream","name":"stdout","text":["3\n","{'bond-orders': array([[0.        , 0.02196551, 0.87109488, 0.02623848, 0.04291761,\n","        0.10291546, 0.28283987, 0.0303406 , 1.08402684, 0.1155192 ,\n","        0.05058464, 1.87396245, 0.10683218],\n","       [0.02196551, 0.        , 0.02548641, 0.03955922, 0.15200233,\n","        0.02184076, 0.04038508, 0.45511062, 0.10934281, 0.39843813,\n","        1.64980293, 0.04920926, 0.36675129],\n","       [0.87109488, 0.02548641, 0.        , 0.02611839, 0.05188133,\n","        0.57361977, 0.06691242, 0.06798722, 1.34033553, 0.19786753,\n","        0.06387583, 0.4177385 , 0.11210365],\n","       [0.02623848, 0.03955922, 0.02611839, 0.        , 0.21660571,\n","        0.02103424, 0.48691607, 0.02125285, 0.19885506, 0.03870919,\n","        0.08332773, 0.04650291, 0.76670581],\n","       [0.04291761, 0.15200233, 0.05188133, 0.21660571, 0.        ,\n","        0.01840188, 0.44851375, 0.05370465, 0.22664203, 0.11401016,\n","        0.4801596 , 0.10170328, 0.17361715],\n","       [0.10291546, 0.02184076, 0.57361977, 0.02103424, 0.01840188,\n","        0.        , 0.08982808, 0.19152962, 0.15514772, 0.02432182,\n","        0.03531509, 0.04488984, 0.51304048],\n","       [0.28283987, 0.04038508, 0.06691242, 0.48691607, 0.44851375,\n","        0.08982808, 0.        , 0.21875861, 0.66655751, 0.05669276,\n","        0.14303968, 0.26798628, 0.55546478],\n","       [0.0303406 , 0.45511062, 0.06798722, 0.02125285, 0.05370465,\n","        0.19152962, 0.21875861, 0.        , 0.3763719 , 0.26756241,\n","        0.72895097, 0.04797789, 0.55148107],\n","       [1.08402684, 0.10934281, 1.34033553, 0.19885506, 0.22664203,\n","        0.15514772, 0.66655751, 0.3763719 , 0.        , 1.44459389,\n","        0.54647399, 0.57991709, 0.41697451],\n","       [0.1155192 , 0.39843813, 0.19786753, 0.03870919, 0.11401016,\n","        0.02432182, 0.05669276, 0.26756241, 1.44459389, 0.        ,\n","        2.02386333, 0.14731291, 0.30605334],\n","       [0.05058464, 1.64980293, 0.06387583, 0.08332773, 0.4801596 ,\n","        0.03531509, 0.14303968, 0.72895097, 0.54647399, 2.02386333,\n","        0.        , 0.08534073, 0.51285409],\n","       [1.87396245, 0.04920926, 0.4177385 , 0.04650291, 0.10170328,\n","        0.04488984, 0.26798628, 0.04797789, 0.57991709, 0.14731291,\n","        0.08534073, 0.        , 0.25455945],\n","       [0.10683218, 0.36675129, 0.11210365, 0.76670581, 0.17361715,\n","        0.51304048, 0.55546478, 0.55148107, 0.41697451, 0.30605334,\n","        0.51285409, 0.25455945, 0.        ]])}\n","{'bond-orders': array([[0.        , 0.02196551, 0.87109488, 0.02623848, 0.04291761,\n","        0.10291546, 0.28283987, 0.0303406 , 1.08402684, 0.1155192 ,\n","        0.05058464, 1.87396245, 0.10683218],\n","       [0.02196551, 0.        , 0.02548641, 0.03955922, 0.15200233,\n","        0.02184076, 0.04038508, 0.45511062, 0.10934281, 0.39843813,\n","        1.64980293, 0.04920926, 0.36675129],\n","       [0.87109488, 0.02548641, 0.        , 0.02611839, 0.05188133,\n","        0.57361977, 0.06691242, 0.06798722, 1.34033553, 0.19786753,\n","        0.06387583, 0.4177385 , 0.11210365],\n","       [0.02623848, 0.03955922, 0.02611839, 0.        , 0.21660571,\n","        0.02103424, 0.48691607, 0.02125285, 0.19885506, 0.03870919,\n","        0.08332773, 0.04650291, 0.76670581],\n","       [0.04291761, 0.15200233, 0.05188133, 0.21660571, 0.        ,\n","        0.01840188, 0.44851375, 0.05370465, 0.22664203, 0.11401016,\n","        0.4801596 , 0.10170328, 0.17361715],\n","       [0.10291546, 0.02184076, 0.57361977, 0.02103424, 0.01840188,\n","        0.        , 0.08982808, 0.19152962, 0.15514772, 0.02432182,\n","        0.03531509, 0.04488984, 0.51304048],\n","       [0.28283987, 0.04038508, 0.06691242, 0.48691607, 0.44851375,\n","        0.08982808, 0.        , 0.21875861, 0.66655751, 0.05669276,\n","        0.14303968, 0.26798628, 0.55546478],\n","       [0.0303406 , 0.45511062, 0.06798722, 0.02125285, 0.05370465,\n","        0.19152962, 0.21875861, 0.        , 0.3763719 , 0.26756241,\n","        0.72895097, 0.04797789, 0.55148107],\n","       [1.08402684, 0.10934281, 1.34033553, 0.19885506, 0.22664203,\n","        0.15514772, 0.66655751, 0.3763719 , 0.        , 1.44459389,\n","        0.54647399, 0.57991709, 0.41697451],\n","       [0.1155192 , 0.39843813, 0.19786753, 0.03870919, 0.11401016,\n","        0.02432182, 0.05669276, 0.26756241, 1.44459389, 0.        ,\n","        2.02386333, 0.14731291, 0.30605334],\n","       [0.05058464, 1.64980293, 0.06387583, 0.08332773, 0.4801596 ,\n","        0.03531509, 0.14303968, 0.72895097, 0.54647399, 2.02386333,\n","        0.        , 0.08534073, 0.51285409],\n","       [1.87396245, 0.04920926, 0.4177385 , 0.04650291, 0.10170328,\n","        0.04488984, 0.26798628, 0.04797789, 0.57991709, 0.14731291,\n","        0.08534073, 0.        , 0.25455945],\n","       [0.10683218, 0.36675129, 0.11210365, 0.76670581, 0.17361715,\n","        0.51304048, 0.55546478, 0.55148107, 0.41697451, 0.30605334,\n","        0.51285409, 0.25455945, 0.        ]]), 'molecular-dipole': array([ 0.95355932, -0.94606555,  0.61717243])}\n","{'bond-orders': array([[0.        , 0.02196551, 0.87109488, 0.02623848, 0.04291761,\n","        0.10291546, 0.28283987, 0.0303406 , 1.08402684, 0.1155192 ,\n","        0.05058464, 1.87396245, 0.10683218],\n","       [0.02196551, 0.        , 0.02548641, 0.03955922, 0.15200233,\n","        0.02184076, 0.04038508, 0.45511062, 0.10934281, 0.39843813,\n","        1.64980293, 0.04920926, 0.36675129],\n","       [0.87109488, 0.02548641, 0.        , 0.02611839, 0.05188133,\n","        0.57361977, 0.06691242, 0.06798722, 1.34033553, 0.19786753,\n","        0.06387583, 0.4177385 , 0.11210365],\n","       [0.02623848, 0.03955922, 0.02611839, 0.        , 0.21660571,\n","        0.02103424, 0.48691607, 0.02125285, 0.19885506, 0.03870919,\n","        0.08332773, 0.04650291, 0.76670581],\n","       [0.04291761, 0.15200233, 0.05188133, 0.21660571, 0.        ,\n","        0.01840188, 0.44851375, 0.05370465, 0.22664203, 0.11401016,\n","        0.4801596 , 0.10170328, 0.17361715],\n","       [0.10291546, 0.02184076, 0.57361977, 0.02103424, 0.01840188,\n","        0.        , 0.08982808, 0.19152962, 0.15514772, 0.02432182,\n","        0.03531509, 0.04488984, 0.51304048],\n","       [0.28283987, 0.04038508, 0.06691242, 0.48691607, 0.44851375,\n","        0.08982808, 0.        , 0.21875861, 0.66655751, 0.05669276,\n","        0.14303968, 0.26798628, 0.55546478],\n","       [0.0303406 , 0.45511062, 0.06798722, 0.02125285, 0.05370465,\n","        0.19152962, 0.21875861, 0.        , 0.3763719 , 0.26756241,\n","        0.72895097, 0.04797789, 0.55148107],\n","       [1.08402684, 0.10934281, 1.34033553, 0.19885506, 0.22664203,\n","        0.15514772, 0.66655751, 0.3763719 , 0.        , 1.44459389,\n","        0.54647399, 0.57991709, 0.41697451],\n","       [0.1155192 , 0.39843813, 0.19786753, 0.03870919, 0.11401016,\n","        0.02432182, 0.05669276, 0.26756241, 1.44459389, 0.        ,\n","        2.02386333, 0.14731291, 0.30605334],\n","       [0.05058464, 1.64980293, 0.06387583, 0.08332773, 0.4801596 ,\n","        0.03531509, 0.14303968, 0.72895097, 0.54647399, 2.02386333,\n","        0.        , 0.08534073, 0.51285409],\n","       [1.87396245, 0.04920926, 0.4177385 , 0.04650291, 0.10170328,\n","        0.04488984, 0.26798628, 0.04797789, 0.57991709, 0.14731291,\n","        0.08534073, 0.        , 0.25455945],\n","       [0.10683218, 0.36675129, 0.11210365, 0.76670581, 0.17361715,\n","        0.51304048, 0.55546478, 0.55148107, 0.41697451, 0.30605334,\n","        0.51285409, 0.25455945, 0.        ]]), 'molecular-dipole': array([ 0.95355932, -0.94606555,  0.61717243]), 'molecular-quadrupole': array([ 51.8089273 ,  27.7709881 , -67.85375808,  73.6029233 ,\n","       -59.22034172,  16.04483078])}\n","3\n","{'bond-orders': array([[0.        , 0.05791454, 0.69960313, 0.68284927, 0.03489506,\n","        0.02387247, 0.68311061, 0.65864792, 0.92476304, 0.13820407,\n","        0.13583335, 0.26218845, 0.20768034],\n","       [0.05791454, 0.        , 0.04232191, 0.04004985, 0.03513408,\n","        0.07631353, 0.01888211, 0.11262289, 0.25383794, 1.28230947,\n","        0.0839541 , 1.53273864, 0.25536479],\n","       [0.69960313, 0.04232191, 0.        , 0.72926124, 0.1523889 ,\n","        0.05908186, 0.05225568, 0.24140316, 1.09479658, 0.20328   ,\n","        0.90402302, 0.11271767, 0.29929146],\n","       [0.68284927, 0.04004985, 0.72926124, 0.        , 0.02934738,\n","        0.01062178, 0.10206876, 0.45976785, 0.16467856, 0.05189478,\n","        0.11981575, 0.19068939, 0.08544674],\n","       [0.03489506, 0.03513408, 0.1523889 , 0.02934738, 0.        ,\n","        0.1645603 , 0.00925489, 0.10952987, 0.06691012, 0.05176511,\n","        0.11009758, 0.12864921, 0.04182454],\n","       [0.02387247, 0.07631353, 0.05908186, 0.01062178, 0.1645603 ,\n","        0.        , 0.01344324, 0.01149034, 0.07869076, 0.11645934,\n","        0.80890581, 0.03985589, 0.6627242 ],\n","       [0.68311061, 0.01888211, 0.05225568, 0.10206876, 0.00925489,\n","        0.01344324, 0.        , 0.05332658, 0.67506281, 0.15632607,\n","        0.03762527, 0.04101621, 0.09205868],\n","       [0.65864792, 0.11262289, 0.24140316, 0.45976785, 0.10952987,\n","        0.01149034, 0.05332658, 0.        , 0.26612343, 0.08265517,\n","        0.05421241, 0.96656669, 0.04768088],\n","       [0.92476304, 0.25383794, 1.09479658, 0.16467856, 0.06691012,\n","        0.07869076, 0.67506281, 0.26612343, 0.        , 1.64569289,\n","        0.40183   , 0.40284825, 1.47597751],\n","       [0.13820407, 1.28230947, 0.20328   , 0.05189478, 0.05176511,\n","        0.11645934, 0.15632607, 0.08265517, 1.64569289, 0.        ,\n","        0.52827871, 0.58070753, 1.65521946],\n","       [0.13583335, 0.0839541 , 0.90402302, 0.11981575, 0.11009758,\n","        0.80890581, 0.03762527, 0.05421241, 0.40183   , 0.52827871,\n","        0.        , 0.12651306, 1.75270959],\n","       [0.26218845, 1.53273864, 0.11271767, 0.19068939, 0.12864921,\n","        0.03985589, 0.04101621, 0.96656669, 0.40284825, 0.58070753,\n","        0.12651306, 0.        , 0.24043759],\n","       [0.20768034, 0.25536479, 0.29929146, 0.08544674, 0.04182454,\n","        0.6627242 , 0.09205868, 0.04768088, 1.47597751, 1.65521946,\n","        1.75270959, 0.24043759, 0.        ]])}\n","{'bond-orders': array([[0.        , 0.05791454, 0.69960313, 0.68284927, 0.03489506,\n","        0.02387247, 0.68311061, 0.65864792, 0.92476304, 0.13820407,\n","        0.13583335, 0.26218845, 0.20768034],\n","       [0.05791454, 0.        , 0.04232191, 0.04004985, 0.03513408,\n","        0.07631353, 0.01888211, 0.11262289, 0.25383794, 1.28230947,\n","        0.0839541 , 1.53273864, 0.25536479],\n","       [0.69960313, 0.04232191, 0.        , 0.72926124, 0.1523889 ,\n","        0.05908186, 0.05225568, 0.24140316, 1.09479658, 0.20328   ,\n","        0.90402302, 0.11271767, 0.29929146],\n","       [0.68284927, 0.04004985, 0.72926124, 0.        , 0.02934738,\n","        0.01062178, 0.10206876, 0.45976785, 0.16467856, 0.05189478,\n","        0.11981575, 0.19068939, 0.08544674],\n","       [0.03489506, 0.03513408, 0.1523889 , 0.02934738, 0.        ,\n","        0.1645603 , 0.00925489, 0.10952987, 0.06691012, 0.05176511,\n","        0.11009758, 0.12864921, 0.04182454],\n","       [0.02387247, 0.07631353, 0.05908186, 0.01062178, 0.1645603 ,\n","        0.        , 0.01344324, 0.01149034, 0.07869076, 0.11645934,\n","        0.80890581, 0.03985589, 0.6627242 ],\n","       [0.68311061, 0.01888211, 0.05225568, 0.10206876, 0.00925489,\n","        0.01344324, 0.        , 0.05332658, 0.67506281, 0.15632607,\n","        0.03762527, 0.04101621, 0.09205868],\n","       [0.65864792, 0.11262289, 0.24140316, 0.45976785, 0.10952987,\n","        0.01149034, 0.05332658, 0.        , 0.26612343, 0.08265517,\n","        0.05421241, 0.96656669, 0.04768088],\n","       [0.92476304, 0.25383794, 1.09479658, 0.16467856, 0.06691012,\n","        0.07869076, 0.67506281, 0.26612343, 0.        , 1.64569289,\n","        0.40183   , 0.40284825, 1.47597751],\n","       [0.13820407, 1.28230947, 0.20328   , 0.05189478, 0.05176511,\n","        0.11645934, 0.15632607, 0.08265517, 1.64569289, 0.        ,\n","        0.52827871, 0.58070753, 1.65521946],\n","       [0.13583335, 0.0839541 , 0.90402302, 0.11981575, 0.11009758,\n","        0.80890581, 0.03762527, 0.05421241, 0.40183   , 0.52827871,\n","        0.        , 0.12651306, 1.75270959],\n","       [0.26218845, 1.53273864, 0.11271767, 0.19068939, 0.12864921,\n","        0.03985589, 0.04101621, 0.96656669, 0.40284825, 0.58070753,\n","        0.12651306, 0.        , 0.24043759],\n","       [0.20768034, 0.25536479, 0.29929146, 0.08544674, 0.04182454,\n","        0.6627242 , 0.09205868, 0.04768088, 1.47597751, 1.65521946,\n","        1.75270959, 0.24043759, 0.        ]]), 'molecular-dipole': array([-0.25733007,  0.49598882,  1.46068875])}\n","{'bond-orders': array([[0.        , 0.05791454, 0.69960313, 0.68284927, 0.03489506,\n","        0.02387247, 0.68311061, 0.65864792, 0.92476304, 0.13820407,\n","        0.13583335, 0.26218845, 0.20768034],\n","       [0.05791454, 0.        , 0.04232191, 0.04004985, 0.03513408,\n","        0.07631353, 0.01888211, 0.11262289, 0.25383794, 1.28230947,\n","        0.0839541 , 1.53273864, 0.25536479],\n","       [0.69960313, 0.04232191, 0.        , 0.72926124, 0.1523889 ,\n","        0.05908186, 0.05225568, 0.24140316, 1.09479658, 0.20328   ,\n","        0.90402302, 0.11271767, 0.29929146],\n","       [0.68284927, 0.04004985, 0.72926124, 0.        , 0.02934738,\n","        0.01062178, 0.10206876, 0.45976785, 0.16467856, 0.05189478,\n","        0.11981575, 0.19068939, 0.08544674],\n","       [0.03489506, 0.03513408, 0.1523889 , 0.02934738, 0.        ,\n","        0.1645603 , 0.00925489, 0.10952987, 0.06691012, 0.05176511,\n","        0.11009758, 0.12864921, 0.04182454],\n","       [0.02387247, 0.07631353, 0.05908186, 0.01062178, 0.1645603 ,\n","        0.        , 0.01344324, 0.01149034, 0.07869076, 0.11645934,\n","        0.80890581, 0.03985589, 0.6627242 ],\n","       [0.68311061, 0.01888211, 0.05225568, 0.10206876, 0.00925489,\n","        0.01344324, 0.        , 0.05332658, 0.67506281, 0.15632607,\n","        0.03762527, 0.04101621, 0.09205868],\n","       [0.65864792, 0.11262289, 0.24140316, 0.45976785, 0.10952987,\n","        0.01149034, 0.05332658, 0.        , 0.26612343, 0.08265517,\n","        0.05421241, 0.96656669, 0.04768088],\n","       [0.92476304, 0.25383794, 1.09479658, 0.16467856, 0.06691012,\n","        0.07869076, 0.67506281, 0.26612343, 0.        , 1.64569289,\n","        0.40183   , 0.40284825, 1.47597751],\n","       [0.13820407, 1.28230947, 0.20328   , 0.05189478, 0.05176511,\n","        0.11645934, 0.15632607, 0.08265517, 1.64569289, 0.        ,\n","        0.52827871, 0.58070753, 1.65521946],\n","       [0.13583335, 0.0839541 , 0.90402302, 0.11981575, 0.11009758,\n","        0.80890581, 0.03762527, 0.05421241, 0.40183   , 0.52827871,\n","        0.        , 0.12651306, 1.75270959],\n","       [0.26218845, 1.53273864, 0.11271767, 0.19068939, 0.12864921,\n","        0.03985589, 0.04101621, 0.96656669, 0.40284825, 0.58070753,\n","        0.12651306, 0.        , 0.24043759],\n","       [0.20768034, 0.25536479, 0.29929146, 0.08544674, 0.04182454,\n","        0.6627242 , 0.09205868, 0.04768088, 1.47597751, 1.65521946,\n","        1.75270959, 0.24043759, 0.        ]]), 'molecular-dipole': array([-0.25733007,  0.49598882,  1.46068875]), 'molecular-quadrupole': array([-32.25947165,  38.16876435,  -6.52041003,  68.77851638,\n","        78.85608056,  38.77988169])}\n","3\n","{'bond-orders': array([[0.        , 0.12497056, 0.16074747, 0.050793  , 0.09049077,\n","        0.11115841, 0.25143298, 0.36167921, 1.20279926, 0.11776875,\n","        0.16290747, 0.08382805, 1.30854519],\n","       [0.12497056, 0.        , 0.04794598, 0.6677612 , 0.35583464,\n","        0.03235484, 0.48591446, 0.1046548 , 0.19476954, 0.13748828,\n","        0.12071431, 0.3671024 , 1.2672576 ],\n","       [0.16074747, 0.04794598, 0.        , 0.03869804, 0.07513524,\n","        0.24290771, 0.09115123, 0.03530896, 1.16876841, 1.24231821,\n","        1.11815312, 0.35923543, 0.14520625],\n","       [0.050793  , 0.6677612 , 0.03869804, 0.        , 0.38635181,\n","        0.01061381, 0.04350799, 0.01721086, 0.10223811, 0.05001837,\n","        0.10248264, 0.13685697, 0.33560623],\n","       [0.09049077, 0.35583464, 0.07513524, 0.38635181, 0.        ,\n","        0.01300785, 0.0842399 , 0.01400529, 0.35465716, 0.13721255,\n","        0.76844681, 0.29506358, 0.68924462],\n","       [0.11115841, 0.03235484, 0.24290771, 0.01061381, 0.01300785,\n","        0.        , 0.16709305, 0.26604901, 0.10296093, 0.53520569,\n","        0.08242038, 0.10913174, 0.03143665],\n","       [0.25143298, 0.48591446, 0.09115123, 0.04350799, 0.0842399 ,\n","        0.16709305, 0.        , 0.1484265 , 0.3580981 , 0.57161195,\n","        0.26510972, 0.27720325, 0.5231963 ],\n","       [0.36167921, 0.1046548 , 0.03530896, 0.01721086, 0.01400529,\n","        0.26604901, 0.1484265 , 0.        , 0.11380002, 0.05823314,\n","        0.03938153, 0.02879194, 0.12203159],\n","       [1.20279926, 0.19476954, 1.16876841, 0.10223811, 0.35465716,\n","        0.10296093, 0.3580981 , 0.11380002, 0.        , 0.39924257,\n","        1.19360731, 0.38899169, 1.4356043 ],\n","       [0.11776875, 0.13748828, 1.24231821, 0.05001837, 0.13721255,\n","        0.53520569, 0.57161195, 0.05823314, 0.39924257, 0.        ,\n","        1.34661757, 1.7439946 , 0.44355237],\n","       [0.16290747, 0.12071431, 1.11815312, 0.10248264, 0.76844681,\n","        0.08242038, 0.26510972, 0.03938153, 1.19360731, 1.34661757,\n","        0.        , 1.68559987, 0.40780214],\n","       [0.08382805, 0.3671024 , 0.35923543, 0.13685697, 0.29506358,\n","        0.10913174, 0.27720325, 0.02879194, 0.38899169, 1.7439946 ,\n","        1.68559987, 0.        , 0.2408886 ],\n","       [1.30854519, 1.2672576 , 0.14520625, 0.33560623, 0.68924462,\n","        0.03143665, 0.5231963 , 0.12203159, 1.4356043 , 0.44355237,\n","        0.40780214, 0.2408886 , 0.        ]])}\n","{'bond-orders': array([[0.        , 0.12497056, 0.16074747, 0.050793  , 0.09049077,\n","        0.11115841, 0.25143298, 0.36167921, 1.20279926, 0.11776875,\n","        0.16290747, 0.08382805, 1.30854519],\n","       [0.12497056, 0.        , 0.04794598, 0.6677612 , 0.35583464,\n","        0.03235484, 0.48591446, 0.1046548 , 0.19476954, 0.13748828,\n","        0.12071431, 0.3671024 , 1.2672576 ],\n","       [0.16074747, 0.04794598, 0.        , 0.03869804, 0.07513524,\n","        0.24290771, 0.09115123, 0.03530896, 1.16876841, 1.24231821,\n","        1.11815312, 0.35923543, 0.14520625],\n","       [0.050793  , 0.6677612 , 0.03869804, 0.        , 0.38635181,\n","        0.01061381, 0.04350799, 0.01721086, 0.10223811, 0.05001837,\n","        0.10248264, 0.13685697, 0.33560623],\n","       [0.09049077, 0.35583464, 0.07513524, 0.38635181, 0.        ,\n","        0.01300785, 0.0842399 , 0.01400529, 0.35465716, 0.13721255,\n","        0.76844681, 0.29506358, 0.68924462],\n","       [0.11115841, 0.03235484, 0.24290771, 0.01061381, 0.01300785,\n","        0.        , 0.16709305, 0.26604901, 0.10296093, 0.53520569,\n","        0.08242038, 0.10913174, 0.03143665],\n","       [0.25143298, 0.48591446, 0.09115123, 0.04350799, 0.0842399 ,\n","        0.16709305, 0.        , 0.1484265 , 0.3580981 , 0.57161195,\n","        0.26510972, 0.27720325, 0.5231963 ],\n","       [0.36167921, 0.1046548 , 0.03530896, 0.01721086, 0.01400529,\n","        0.26604901, 0.1484265 , 0.        , 0.11380002, 0.05823314,\n","        0.03938153, 0.02879194, 0.12203159],\n","       [1.20279926, 0.19476954, 1.16876841, 0.10223811, 0.35465716,\n","        0.10296093, 0.3580981 , 0.11380002, 0.        , 0.39924257,\n","        1.19360731, 0.38899169, 1.4356043 ],\n","       [0.11776875, 0.13748828, 1.24231821, 0.05001837, 0.13721255,\n","        0.53520569, 0.57161195, 0.05823314, 0.39924257, 0.        ,\n","        1.34661757, 1.7439946 , 0.44355237],\n","       [0.16290747, 0.12071431, 1.11815312, 0.10248264, 0.76844681,\n","        0.08242038, 0.26510972, 0.03938153, 1.19360731, 1.34661757,\n","        0.        , 1.68559987, 0.40780214],\n","       [0.08382805, 0.3671024 , 0.35923543, 0.13685697, 0.29506358,\n","        0.10913174, 0.27720325, 0.02879194, 0.38899169, 1.7439946 ,\n","        1.68559987, 0.        , 0.2408886 ],\n","       [1.30854519, 1.2672576 , 0.14520625, 0.33560623, 0.68924462,\n","        0.03143665, 0.5231963 , 0.12203159, 1.4356043 , 0.44355237,\n","        0.40780214, 0.2408886 , 0.        ]]), 'molecular-dipole': array([1.45048196, 1.66470209, 2.77039463])}\n","{'bond-orders': array([[0.        , 0.12497056, 0.16074747, 0.050793  , 0.09049077,\n","        0.11115841, 0.25143298, 0.36167921, 1.20279926, 0.11776875,\n","        0.16290747, 0.08382805, 1.30854519],\n","       [0.12497056, 0.        , 0.04794598, 0.6677612 , 0.35583464,\n","        0.03235484, 0.48591446, 0.1046548 , 0.19476954, 0.13748828,\n","        0.12071431, 0.3671024 , 1.2672576 ],\n","       [0.16074747, 0.04794598, 0.        , 0.03869804, 0.07513524,\n","        0.24290771, 0.09115123, 0.03530896, 1.16876841, 1.24231821,\n","        1.11815312, 0.35923543, 0.14520625],\n","       [0.050793  , 0.6677612 , 0.03869804, 0.        , 0.38635181,\n","        0.01061381, 0.04350799, 0.01721086, 0.10223811, 0.05001837,\n","        0.10248264, 0.13685697, 0.33560623],\n","       [0.09049077, 0.35583464, 0.07513524, 0.38635181, 0.        ,\n","        0.01300785, 0.0842399 , 0.01400529, 0.35465716, 0.13721255,\n","        0.76844681, 0.29506358, 0.68924462],\n","       [0.11115841, 0.03235484, 0.24290771, 0.01061381, 0.01300785,\n","        0.        , 0.16709305, 0.26604901, 0.10296093, 0.53520569,\n","        0.08242038, 0.10913174, 0.03143665],\n","       [0.25143298, 0.48591446, 0.09115123, 0.04350799, 0.0842399 ,\n","        0.16709305, 0.        , 0.1484265 , 0.3580981 , 0.57161195,\n","        0.26510972, 0.27720325, 0.5231963 ],\n","       [0.36167921, 0.1046548 , 0.03530896, 0.01721086, 0.01400529,\n","        0.26604901, 0.1484265 , 0.        , 0.11380002, 0.05823314,\n","        0.03938153, 0.02879194, 0.12203159],\n","       [1.20279926, 0.19476954, 1.16876841, 0.10223811, 0.35465716,\n","        0.10296093, 0.3580981 , 0.11380002, 0.        , 0.39924257,\n","        1.19360731, 0.38899169, 1.4356043 ],\n","       [0.11776875, 0.13748828, 1.24231821, 0.05001837, 0.13721255,\n","        0.53520569, 0.57161195, 0.05823314, 0.39924257, 0.        ,\n","        1.34661757, 1.7439946 , 0.44355237],\n","       [0.16290747, 0.12071431, 1.11815312, 0.10248264, 0.76844681,\n","        0.08242038, 0.26510972, 0.03938153, 1.19360731, 1.34661757,\n","        0.        , 1.68559987, 0.40780214],\n","       [0.08382805, 0.3671024 , 0.35923543, 0.13685697, 0.29506358,\n","        0.10913174, 0.27720325, 0.02879194, 0.38899169, 1.7439946 ,\n","        1.68559987, 0.        , 0.2408886 ],\n","       [1.30854519, 1.2672576 , 0.14520625, 0.33560623, 0.68924462,\n","        0.03143665, 0.5231963 , 0.12203159, 1.4356043 , 0.44355237,\n","        0.40780214, 0.2408886 , 0.        ]]), 'molecular-dipole': array([1.45048196, 1.66470209, 2.77039463]), 'molecular-quadrupole': array([-14.7761804 , 128.82631742, -36.51969524, 111.14464899,\n","       184.31953672,  51.29587564])}\n","3\n","{'bond-orders': array([[0.        , 1.3580221 , 0.04459357, 0.06958921, 0.17671543,\n","        0.31728405, 0.03292465, 0.51790144, 0.35858427, 0.09215214,\n","        0.08337404, 1.43633332, 0.27552615],\n","       [1.3580221 , 0.        , 0.04349134, 0.02976465, 0.04303995,\n","        0.09622701, 0.04560212, 0.1142051 , 0.33926762, 0.08392651,\n","        0.08974634, 1.61499866, 0.06360017],\n","       [0.04459357, 0.04349134, 0.        , 0.1012738 , 0.14677371,\n","        0.07171365, 0.03476899, 0.13007873, 0.12111463, 0.34789048,\n","        1.54281446, 0.10360919, 1.50242338],\n","       [0.06958921, 0.02976465, 0.1012738 , 0.        , 0.10075729,\n","        0.03001266, 0.04863932, 0.03791833, 0.73219314, 0.55107827,\n","        0.14676844, 0.16631473, 0.68952888],\n","       [0.17671543, 0.04303995, 0.14677371, 0.10075729, 0.        ,\n","        0.04071055, 0.0128488 , 0.4815488 , 0.0611058 , 0.12385975,\n","        0.18238945, 0.069284  , 0.74070819],\n","       [0.31728405, 0.09622701, 0.07171365, 0.03001266, 0.04071055,\n","        0.        , 0.23495268, 0.25261514, 0.17481439, 0.26758684,\n","        0.66394035, 0.57802651, 0.15020854],\n","       [0.03292465, 0.04560212, 0.03476899, 0.04863932, 0.0128488 ,\n","        0.23495268, 0.        , 0.0196293 , 0.53023575, 0.37356915,\n","        0.13999434, 0.45379774, 0.03793176],\n","       [0.51790144, 0.1142051 , 0.13007873, 0.03791833, 0.4815488 ,\n","        0.25261514, 0.0196293 , 0.        , 0.06642657, 0.08058413,\n","        0.26122641, 0.0778923 , 0.6469136 ],\n","       [0.35858427, 0.33926762, 0.12111463, 0.73219314, 0.0611058 ,\n","        0.17481439, 0.53023575, 0.06642657, 0.        , 1.42525555,\n","        0.27031346, 1.98365722, 0.40069509],\n","       [0.09215214, 0.08392651, 0.34789048, 0.55107827, 0.12385975,\n","        0.26758684, 0.37356915, 0.08058413, 1.42525555, 0.        ,\n","        1.65787885, 0.30584833, 1.46020953],\n","       [0.08337404, 0.08974634, 1.54281446, 0.14676844, 0.18238945,\n","        0.66394035, 0.13999434, 0.26122641, 0.27031346, 1.65787885,\n","        0.        , 0.27649052, 1.37264515],\n","       [1.43633332, 1.61499866, 0.10360919, 0.16631473, 0.069284  ,\n","        0.57802651, 0.45379774, 0.0778923 , 1.98365722, 0.30584833,\n","        0.27649052, 0.        , 0.15508581],\n","       [0.27552615, 0.06360017, 1.50242338, 0.68952888, 0.74070819,\n","        0.15020854, 0.03793176, 0.6469136 , 0.40069509, 1.46020953,\n","        1.37264515, 0.15508581, 0.        ]])}\n","{'bond-orders': array([[0.        , 1.3580221 , 0.04459357, 0.06958921, 0.17671543,\n","        0.31728405, 0.03292465, 0.51790144, 0.35858427, 0.09215214,\n","        0.08337404, 1.43633332, 0.27552615],\n","       [1.3580221 , 0.        , 0.04349134, 0.02976465, 0.04303995,\n","        0.09622701, 0.04560212, 0.1142051 , 0.33926762, 0.08392651,\n","        0.08974634, 1.61499866, 0.06360017],\n","       [0.04459357, 0.04349134, 0.        , 0.1012738 , 0.14677371,\n","        0.07171365, 0.03476899, 0.13007873, 0.12111463, 0.34789048,\n","        1.54281446, 0.10360919, 1.50242338],\n","       [0.06958921, 0.02976465, 0.1012738 , 0.        , 0.10075729,\n","        0.03001266, 0.04863932, 0.03791833, 0.73219314, 0.55107827,\n","        0.14676844, 0.16631473, 0.68952888],\n","       [0.17671543, 0.04303995, 0.14677371, 0.10075729, 0.        ,\n","        0.04071055, 0.0128488 , 0.4815488 , 0.0611058 , 0.12385975,\n","        0.18238945, 0.069284  , 0.74070819],\n","       [0.31728405, 0.09622701, 0.07171365, 0.03001266, 0.04071055,\n","        0.        , 0.23495268, 0.25261514, 0.17481439, 0.26758684,\n","        0.66394035, 0.57802651, 0.15020854],\n","       [0.03292465, 0.04560212, 0.03476899, 0.04863932, 0.0128488 ,\n","        0.23495268, 0.        , 0.0196293 , 0.53023575, 0.37356915,\n","        0.13999434, 0.45379774, 0.03793176],\n","       [0.51790144, 0.1142051 , 0.13007873, 0.03791833, 0.4815488 ,\n","        0.25261514, 0.0196293 , 0.        , 0.06642657, 0.08058413,\n","        0.26122641, 0.0778923 , 0.6469136 ],\n","       [0.35858427, 0.33926762, 0.12111463, 0.73219314, 0.0611058 ,\n","        0.17481439, 0.53023575, 0.06642657, 0.        , 1.42525555,\n","        0.27031346, 1.98365722, 0.40069509],\n","       [0.09215214, 0.08392651, 0.34789048, 0.55107827, 0.12385975,\n","        0.26758684, 0.37356915, 0.08058413, 1.42525555, 0.        ,\n","        1.65787885, 0.30584833, 1.46020953],\n","       [0.08337404, 0.08974634, 1.54281446, 0.14676844, 0.18238945,\n","        0.66394035, 0.13999434, 0.26122641, 0.27031346, 1.65787885,\n","        0.        , 0.27649052, 1.37264515],\n","       [1.43633332, 1.61499866, 0.10360919, 0.16631473, 0.069284  ,\n","        0.57802651, 0.45379774, 0.0778923 , 1.98365722, 0.30584833,\n","        0.27649052, 0.        , 0.15508581],\n","       [0.27552615, 0.06360017, 1.50242338, 0.68952888, 0.74070819,\n","        0.15020854, 0.03793176, 0.6469136 , 0.40069509, 1.46020953,\n","        1.37264515, 0.15508581, 0.        ]]), 'molecular-dipole': array([0.09660788, 0.07074181, 0.18307759])}\n","{'bond-orders': array([[0.        , 1.3580221 , 0.04459357, 0.06958921, 0.17671543,\n","        0.31728405, 0.03292465, 0.51790144, 0.35858427, 0.09215214,\n","        0.08337404, 1.43633332, 0.27552615],\n","       [1.3580221 , 0.        , 0.04349134, 0.02976465, 0.04303995,\n","        0.09622701, 0.04560212, 0.1142051 , 0.33926762, 0.08392651,\n","        0.08974634, 1.61499866, 0.06360017],\n","       [0.04459357, 0.04349134, 0.        , 0.1012738 , 0.14677371,\n","        0.07171365, 0.03476899, 0.13007873, 0.12111463, 0.34789048,\n","        1.54281446, 0.10360919, 1.50242338],\n","       [0.06958921, 0.02976465, 0.1012738 , 0.        , 0.10075729,\n","        0.03001266, 0.04863932, 0.03791833, 0.73219314, 0.55107827,\n","        0.14676844, 0.16631473, 0.68952888],\n","       [0.17671543, 0.04303995, 0.14677371, 0.10075729, 0.        ,\n","        0.04071055, 0.0128488 , 0.4815488 , 0.0611058 , 0.12385975,\n","        0.18238945, 0.069284  , 0.74070819],\n","       [0.31728405, 0.09622701, 0.07171365, 0.03001266, 0.04071055,\n","        0.        , 0.23495268, 0.25261514, 0.17481439, 0.26758684,\n","        0.66394035, 0.57802651, 0.15020854],\n","       [0.03292465, 0.04560212, 0.03476899, 0.04863932, 0.0128488 ,\n","        0.23495268, 0.        , 0.0196293 , 0.53023575, 0.37356915,\n","        0.13999434, 0.45379774, 0.03793176],\n","       [0.51790144, 0.1142051 , 0.13007873, 0.03791833, 0.4815488 ,\n","        0.25261514, 0.0196293 , 0.        , 0.06642657, 0.08058413,\n","        0.26122641, 0.0778923 , 0.6469136 ],\n","       [0.35858427, 0.33926762, 0.12111463, 0.73219314, 0.0611058 ,\n","        0.17481439, 0.53023575, 0.06642657, 0.        , 1.42525555,\n","        0.27031346, 1.98365722, 0.40069509],\n","       [0.09215214, 0.08392651, 0.34789048, 0.55107827, 0.12385975,\n","        0.26758684, 0.37356915, 0.08058413, 1.42525555, 0.        ,\n","        1.65787885, 0.30584833, 1.46020953],\n","       [0.08337404, 0.08974634, 1.54281446, 0.14676844, 0.18238945,\n","        0.66394035, 0.13999434, 0.26122641, 0.27031346, 1.65787885,\n","        0.        , 0.27649052, 1.37264515],\n","       [1.43633332, 1.61499866, 0.10360919, 0.16631473, 0.069284  ,\n","        0.57802651, 0.45379774, 0.0778923 , 1.98365722, 0.30584833,\n","        0.27649052, 0.        , 0.15508581],\n","       [0.27552615, 0.06360017, 1.50242338, 0.68952888, 0.74070819,\n","        0.15020854, 0.03793176, 0.6469136 , 0.40069509, 1.46020953,\n","        1.37264515, 0.15508581, 0.        ]]), 'molecular-dipole': array([0.09660788, 0.07074181, 0.18307759]), 'molecular-quadrupole': array([ -1.39214685,   5.6280613 ,   0.60310741, -15.95663792,\n","        31.12767267,   0.78903944])}\n","3\n","{'bond-orders': array([[0.        , 0.05687028, 0.18955158, 0.06336231, 0.08664378,\n","        0.08692731, 0.04979267, 0.05274325, 0.45460126, 1.43444742,\n","        0.38298741, 0.06926424, 1.20430686],\n","       [0.05687028, 0.        , 0.05508333, 0.1776871 , 0.05886058,\n","        0.13605777, 0.12656224, 0.6774128 , 0.46779892, 0.08611308,\n","        0.166971  , 1.90752223, 0.19974601],\n","       [0.18955158, 0.05508333, 0.        , 0.03951828, 0.02375389,\n","        0.19665269, 0.04110854, 0.19400871, 0.06173633, 1.74718551,\n","        0.59095386, 0.0945571 , 0.16679482],\n","       [0.06336231, 0.1776871 , 0.03951828, 0.        , 0.08124247,\n","        0.02608145, 0.34081939, 0.03027391, 0.76962713, 0.12115253,\n","        0.07879596, 0.90405733, 0.50032326],\n","       [0.08664378, 0.05886058, 0.02375389, 0.08124247, 0.        ,\n","        0.35220145, 0.02091719, 0.02298497, 0.97805115, 0.0387891 ,\n","        0.06926809, 0.09509814, 0.20398237],\n","       [0.08692731, 0.13605777, 0.19665269, 0.02608145, 0.35220145,\n","        0.        , 0.03029245, 0.2493461 , 0.47301374, 0.20000966,\n","        0.05591242, 0.06002907, 0.2647033 ],\n","       [0.04979267, 0.12656224, 0.04110854, 0.34081939, 0.02091719,\n","        0.03029245, 0.        , 0.11296725, 0.11736466, 0.10016688,\n","        0.5521461 , 0.60423026, 0.49719032],\n","       [0.05274325, 0.6774128 , 0.19400871, 0.03027391, 0.02298497,\n","        0.2493461 , 0.11296725, 0.        , 0.10840234, 0.19829935,\n","        0.51726488, 0.22620265, 0.37663862],\n","       [0.45460126, 0.46779892, 0.06173633, 0.76962713, 0.97805115,\n","        0.47301374, 0.11736466, 0.10840234, 0.        , 0.21874032,\n","        0.38233513, 0.65926127, 1.7148019 ],\n","       [1.43444742, 0.08611308, 1.74718551, 0.12115253, 0.0387891 ,\n","        0.20000966, 0.10016688, 0.19829935, 0.21874032, 0.        ,\n","        2.19498755, 0.14966372, 1.08623806],\n","       [0.38298741, 0.166971  , 0.59095386, 0.07879596, 0.06926809,\n","        0.05591242, 0.5521461 , 0.51726488, 0.38233513, 2.19498755,